295.53756183498894
364.5814682884592
310.4926874561086
344.6551840119592
268.36373109547236
385.6680743341549
234.14139549971839
274.1769574221895
244.1957765343534
290.41561159983905
267.40881414665176
291.48684232427723
213.09294685175695
217.83128494778265
235.0416346868435
282.0656596977705
286.9659286338986
222.45377346963767
250.99530524263795
228.9543988992856
280.7485609492175
210.7166988636771
290.29971507671996
252.35055589958802
228.79085969568533
176.76787701125733
218.14664248436276
205.23880473634895
194.7598935477751
204.4181680197184
