2023.050575833423
2346.9101636275195
2459.6601707927152
1974.4129633807777
2111.589126096393
2368.0962119321316
2023.8914707935944
2330.6605915112946
2251.4986705025335
2498.4839431934215
2358.6065380141263
2083.7776188740045
2390.658404396377
2403.351812402453
2414.8634005397944
2438.8715693208947
1991.7531995110562
2072.4660605791655
2151.0192845382985
2312.7656720099253
2375.0721043286776
2288.5757804957293
2022.8899021459317
2275.3815752214814
2140.366116462883
2253.8263069749837
2440.081050803275
2066.008187082106
2142.2608134604866
2174.2116455692717
