559.8306769002195
555.7499519178176
403.181569282211
578.9582678502182
517.5630847316888
454.07511016134686
500.3976235466119
719.3641776467402
482.613015300509
575.0713043016588
542.5252272552761
514.4896240700496
488.0410663314878
450.37775240538116
506.6450481332053
529.1735041472289
710.4590326485336
675.6620974486895
492.3310445689749
461.2466394714751
561.4792390283143
554.0323116855626
471.73530414475874
589.9517630887166
588.4815194769573
504.52599202122906
516.123989825039
590.779779553491
542.0356120305779
558.9397045962951
