1309.7839022267267
973.5896591866749
1016.9690885348089
993.8954370745182
1150.3934569592745
1485.329930100071
1175.5655923450433
1253.0774973580963
1119.4759853844976
1112.4111723804851
1209.935125506507
1125.3527042128355
1201.0758367283408
997.0217719724393
1160.0891082394885
1165.6186394756082
1039.5424091434998
1459.222792995277
1235.7136510976777
1171.805474097813
1059.209854896834
988.0077046403499
1253.6317404992844
1055.254317563239
1037.628836755821
1074.853011786644
1143.7825959344361
1061.1359550338743
1005.8794792615523
1323.4312483901492
