2984.694677703859
2902.563923629184
2879.60513870297
3145.0260174120804
2948.4916122559043
2763.4996850191
2924.5348731671593
3043.1450578761996
2746.776209005724
3007.76211823686
3071.396194195384
3219.2707861093168
3059.5494928615644
3113.059087950991
2928.418513034232
3089.2832897325547
3012.8143926788835
2905.0428142506644
3277.584149943573
3208.613818357313
2948.349271813794
3231.2097023509596
2934.499212677073
2798.2995348257045
3042.646796452216
3027.6043546618394
3106.0996045716506
3014.195637416905
2923.655728998763
2861.9021213434758
