3735.5937755127884
4394.857847118125
3764.3731922572742
3622.0706398767547
4025.965032293857
4106.642285832511
3858.1077945483617
3945.5642863193157
3435.5144070141555
4032.7937556474544
4122.374251658732
4063.9245533651224
3794.8427025992924
4159.419424711996
3861.304218907567
4082.44487049885
3817.0194966940926
3812.230921794661
4303.941914128844
3714.9161131240585
3864.568354023345
3758.058660357366
3757.5031153366945
3815.705964684164
3759.745861047508
3867.85961895021
3609.295005309574
4211.233623065153
4100.545793619036
4164.86245516912
