716.0536443010078
791.8797090456253
905.9461152778329
778.3267735862476
789.3014902498645
844.8326192988853
772.5729785644703
627.8199303097217
810.0814310999364
966.5274978764911
847.6018733451281
922.8461990556262
750.1083337041795
754.0927994047106
677.1605245193331
807.5033965693309
1018.439592992985
817.512176421875
912.1044039052864
808.5109662963329
878.9099914562044
846.4061697309022
816.414941865971
852.1268936400064
688.6691801461508
820.3640060516932
918.8046135252206
785.8764230882649
723.7699883315946
796.214385185211
