4751.7849890055
4826.125521705054
5014.028377292156
5053.261645621829
4933.448713320374
5108.68537669316
4849.535706479495
4923.855923026895
4942.023197344499
5017.80896832082
4579.70235944161
5157.083507073261
4523.613563651318
4741.542532804569
5223.8902598546565
5144.403069582332
4911.748807884319
4907.513022224749
5195.460033766972
4703.018162029356
4564.786606801226
4930.5245005041625
4878.765887179565
4995.123249889852
4981.283548900277
4284.279185190427
4779.955956293072
4546.359528812852
4806.718246737177
4638.916224531111
