1300.0049219562638
1425.0145337608653
1474.2340078086338
1313.8567799425027
1464.9878401769931
1453.61396079346
1436.8820590404446
1670.7740145464732
1458.9538232930984
1469.8970496313736
1496.3239185626194
1234.3936238270508
1466.6574265692898
1383.1340026550993
1628.837493794068
1348.6564709651973
1471.4036555427588
1452.5303766340417
1595.7642560786455
1350.074120501424
1372.5104920673746
1447.6694073592303
1483.76875385069
1577.4666786796918
1435.3124438478744
1623.6257397734325
1688.4837636380719
1452.7721320831079
1518.905918584437
1360.9079292438842
