1602.4859909328115
1742.9386689824023
1826.7881581344118
1387.6062869617826
1490.639797597155
1703.2307855770468
1425.6655105921918
1688.0276257975975
1656.0813604153282
1470.8469588555472
1732.7410711923058
1604.9487487669658
1684.1955603494089
1626.0137395867387
1758.4288002259027
1590.1321199612157
1223.5961561112945
1351.9982863941732
1544.3036435546555
1523.79923649184
1493.552600555091
1747.2628518308593
1609.6175690369182
1531.645313673238
1505.344483273525
1524.0659001945724
1808.7707052830074
1328.7316993536751
1172.9969980762535
1388.8661626230823
