922.4863269238554
936.9454477472059
1231.542241974229
1009.2354206329528
962.2561538590126
808.5908005284964
1244.6580378070998
1374.633217983825
1169.820257121975
1008.3993585759013
1014.3046204280568
826.5633753128964
1282.7671695194808
1156.1597034678343
1262.5256720634138
1032.43294688667
835.6615246692436
885.994948524095
1208.1449047582983
1133.2460420763937
1027.5011992521854
825.4394338073093
1095.8166094428175
976.8178398090545
1078.1896139144565
801.2194118227249
1119.854921201273
947.7198575045377
938.3785005663476
930.3389431720143
