280.0917965207515
282.15250367843225
283.25414354298084
307.34367736087836
231.82517236092303
319.1099189464062
166.5666339106357
231.3954808664364
230.77864040126815
228.30177639034832
229.5633668294912
262.7502017135005
176.84038836636364
177.9811410520149
166.20886014341477
260.2548348463423
250.0164046871662
184.78257086866586
213.92151955099644
159.9121749227071
214.54689258662347
145.91773521253072
226.87647453988222
166.56597352624237
178.70077204559914
124.50980489712845
164.58913043222844
144.90172944623407
156.19901508581893
137.5002703600569
