2018.8379280655527
1968.8604523350286
1671.7442016627647
2346.4410816983764
2023.382860071646
1885.6579554068876
2321.6083788850756
2036.2214415400913
2188.1356361617527
2100.8255444678643
1843.8007356620783
1990.8821756563793
2032.1747639099221
1973.585681670509
2020.9566269775269
2327.0703980659664
2326.0960872585247
1819.775928796983
2568.7109547153204
2074.0360390096084
2041.8159711043827
2025.9581643039674
1819.7760141940653
1916.0503378740013
2171.60849083223
2212.6305354255137
2009.662185544853
2038.078576149922
2084.1428239884626
2142.9182920298135
