452.07714023664926
460.49645667183313
315.5300667307722
464.37066127544927
276.7814387254257
350.4913932706463
312.0162932087587
487.01684207451854
373.09915264530787
465.95250140309645
435.48598260798894
407.7306067988013
374.30193152691163
363.5156358611416
404.02180198638007
414.66387113088535
581.6283494343295
541.4680885764581
381.766044065643
349.7827102847366
366.69459240486344
473.55705191130255
408.39996833311716
446.7048889595003
445.1714412630017
380.4861896072532
418.9035505960401
381.8526182730948
443.58100919184085
490.2405143155472
