530.5535738499691
500.63451639090454
755.3466333819601
526.5263566227293
647.1466076442132
635.195632128266
643.0416225740018
510.9064894868086
466.0915501418108
651.6272739222491
684.6663640314632
637.4861627687451
452.90728094538554
565.0388497961756
410.1498747726066
577.3658900519586
739.3438364580957
660.5443055512376
722.4972415970224
668.6764057806174
582.5706474536232
423.82027918962785
626.0712488950289
716.1624781332011
541.5592587645258
567.4714468487232
745.10406864984
445.8233505087692
539.3065941275577
647.7693823396444
