3001.2787996521674
3089.0015857414382
3420.1325271763453
3326.6697033087767
3030.5427090936464
3452.104148780625
3149.499188081958
2752.497844483187
3614.227793486307
2504.4159205483393
2574.542744757253
2960.341884644524
3041.9209325081574
3701.6895342022326
2963.7702112103816
2709.7733189211995
2729.769545893987
3409.7282808857544
3109.462329058879
3072.3430756233247
3429.3761228116073
3477.491637785228
3110.0566807410887
3204.628878305826
3017.177204234413
2671.5961948986933
2941.3128889356667
3006.3517882986944
2597.1310065376765
2801.48532704267
