2588.8460461216873
2603.213911779052
2280.0350767726068
2787.0178878694824
2517.9505335540744
2892.872661363861
3053.1809207015485
1918.4151837640784
1696.9219033597628
2953.5480083187686
2833.624835207511
2832.9040077143163
2752.1320557014496
2524.3348376789436
2669.1663963414303
2949.1895290962057
2334.082500022081
2595.6033812895457
2204.3611880838944
2457.151153769455
1958.2481665278374
2662.1320269107346
2519.450777537475
2297.74838360343
2490.465479482098
2779.739374314893
2388.561256846522
3298.845966039069
2308.925601519868
2479.481895075498
