987.3186059314844
770.90733401739
747.4929479097441
726.9895080874471
893.6271305916043
1258.2864975120942
1005.8980656326726
920.7420344552247
985.8887842122394
884.9201963523901
986.4293331013073
831.9176115701198
777.8741687668739
739.7612218515378
781.4223755927519
913.3195698337604
716.9987304059468
1219.6270429191668
1050.7619497533233
954.7113262092757
799.6936276535434
774.442029899391
1086.4646213349688
795.4667459494576
774.8058803715485
722.3043545277078
967.3101271750334
819.7590559800533
827.3887636127379
968.4084293247092
