8148.117889157393
9521.446499181273
8127.419888835679
8729.072754031611
8884.96709777473
9106.636752255788
8905.297948316746
9065.560880734713
8178.8762002401645
8874.451043796038
8480.3690222161
8942.6482624105
8764.972214356292
9136.827301305377
8632.782058656825
8570.64195161542
8731.21417806222
8667.417303900145
8935.46924351529
8505.888961459621
8997.045462235581
8618.988920661574
8650.298130944657
8405.678612700103
8647.045939027465
8705.828517445356
8869.224132196621
9038.14488135542
9119.584611761142
9021.143270335479
