1457.8670759563367
1435.407044241881
1225.8861934342106
1499.6772771667336
1523.7970475743132
1363.07809747695
1491.3407620191028
1702.5649775426728
1352.062174881671
1557.647122588985
1240.8098285756976
1357.8874208887776
1291.2359930240123
1120.4024909621799
1233.2966262822715
1307.3626672341863
1530.7514081783372
1583.491972132241
1508.6637322283889
1533.568158070251
1400.900703811538
1309.9226785030842
1107.633124784374
1509.9407038335607
1472.835537551152
1303.5611143716512
1571.7861627396833
1390.776497466004
1248.5669464007676
1289.1331529801234
