1840.9635487597059
2077.7068138816885
2014.3250982274117
1732.2385493580148
1890.084725722377
2149.5474686593398
2128.842000327565
1943.8562684246597
2056.9485846342336
1873.4014629235476
2335.531710888926
2084.4568304753147
1959.5175684785272
1875.3568536096789
1906.6547988527084
2120.5201383658205
2136.537843371903
1674.4728940901339
2229.630477866838
1895.8723037104535
2306.289207425168
2211.5300254385315
2055.786693513632
2050.435602681342
2005.3352123926486
2077.7798916847837
2199.1100665922513
2418.978521512893
2207.2730537574985
2213.6953175192216
