7155.122697493981
6685.701440010386
7064.133114963584
6350.551497303273
6996.575621896578
6800.544154363873
7012.749879782781
7210.673936880349
6894.2202890047065
6730.950044892931
7351.315837851578
7513.896273780492
7240.630195614332
7032.051140734158
6522.521664864605
7265.46774733137
7188.613177543256
6879.213880975513
6629.292359892102
7470.871986993507
7171.211465957529
7358.039124044062
7064.787375765094
7475.82701027407
7151.701635217374
6774.3620298378055
6892.400460527052
6716.285173702091
6833.59468006518
6884.252133784403
