10542.507407618732
9783.94305967065
10415.485559717807
10928.29333367879
10405.084544627101
10735.194578332525
11421.664604331032
10490.361497283862
10311.128867243866
10550.96950653774
10799.259007096867
10754.990632726633
10356.051413978534
10410.52954907158
10510.053033674974
10735.159472613579
10712.697304016781
10715.258051014183
10252.64009018286
10105.34338495653
10520.09568676146
10117.40989199817
10551.172672736759
10190.26432062748
10062.209891645125
10428.861583867094
10384.112349328112
10193.640775416514
10496.687241027337
10469.86115554537
