607.8342624703979
910.6488473603703
670.7821750095678
612.9291290926859
818.6305631233793
758.3423793416064
746.47338239045
689.3918524991111
536.4009080585188
753.6825741430514
651.210644597203
582.6322730161512
668.1182947063867
730.1823390820452
742.4686626104881
601.5087492457932
621.4466324545804
511.73300663445195
617.7880632540105
734.6330788345678
763.4907599889493
761.354331957341
733.5253873294733
659.1204667899555
679.5464188254088
679.9444643346377
663.6030787946073
729.3395355200431
721.8502769096528
675.0300072846824
