3584.0555755631353
3715.1158139392096
3196.7196175937615
3631.35745805859
3573.498256902956
3541.5704414563606
3383.5369658786863
3686.0640461951884
3457.283526892819
3603.1491471498443
3597.3864876516623
3525.0366157252024
3239.593621761924
3673.7357475651443
3653.6503475733994
3696.952662098257
3634.1981845726023
3573.9888627180344
3591.6731492776717
3051.63956957137
3483.204243967523
3530.0921389228083
3543.511875524536
3578.8245899561457
3475.8062815788335
3832.504007449364
3602.6859316185873
3416.8849434065096
3707.03610438108
3444.7078833605638
