2978.4941180609253
2737.633723878357
2815.515628982797
2907.981313710267
3025.6672279204386
3039.0046934685274
2643.2199965179875
2653.334325477177
2379.1637955117667
2880.3194302908178
2941.2071938007616
3166.0279554021768
2513.777527902254
2533.2466232238467
2778.0208863056027
2871.480897709678
2611.802123032292
3126.954988527114
2709.7048190419373
2872.611852100265
2643.031297878495
2868.113219773103
2819.8026559196214
2819.839530009185
2524.7587206534317
2710.890019139716
2719.3581070048663
3081.0826285293238
2331.778132846133
2926.954086979468
