5512.624571692799
5267.403532713928
5009.0484648704005
5857.076741517719
5377.154806377795
5110.716380142096
4988.800446027565
5177.843829212991
5350.162269779719
5056.85470812084
5345.865003711768
5152.935589245576
5278.187162114565
5286.059153064085
5721.345062526122
5529.057204187049
5110.855076682363
5535.771947825098
5377.973857657725
5509.28539108397
5189.216838387509
5030.226789814242
5080.954792955794
5205.1582901764705
5379.0883980639765
5385.038659570387
5583.801264066568
5163.76520915016
5359.390624056962
5286.793703481824
