179.12568137283895
165.2815207195925
135.1484440018355
183.08290381490804
175.2841378498507
216.4873364195911
150.96701878270167
180.55548566656438
129.66784323661417
194.89996477583387
187.0948538344726
139.27874923533827
146.56565086677938
182.41659083310083
182.64347931162223
150.66464692869496
214.23354165882253
200.97280516019367
139.43122279580112
161.41694666964617
231.82000779556031
166.4982153316559
136.5796572305643
167.68794336187295
143.6578809695565
206.1743586347578
181.82711214721598
177.44048263542592
181.7127456304736
180.73443309763067
