1594.173090381675
1727.066898362827
1627.5658645122483
1596.0822338689957
1644.2756958542989
1516.9439324949847
1371.5440275459837
1520.8757824519785
1429.4581424459764
1363.8358774763383
1652.1025350626192
1603.699310353732
1283.8490997270808
1680.3952935836414
1697.8311388202808
1415.4626167673255
1465.4453827601867
1402.4885115341376
1570.9520186454736
1558.260766885792
1509.9927847198053
1317.9332970714179
1480.866724597225
1776.7817101762619
1600.5763358620559
1548.0207863515197
1615.001252777853
1472.7137308548195
1569.1007190867444
1346.5612233565955
