2766.799558799527
2461.8590594823254
2942.251364163393
2659.2680713952204
2712.8261128836602
2727.052780679995
2794.933348625161
2762.26147197111
2777.160433840205
2761.956389130477
2875.573102473681
3083.394851160907
2678.4024665243905
2700.2057013775598
2725.195100169869
3038.8970151161043
2639.9678254013775
2533.051335461001
2263.0004807184228
2755.913095928042
2775.786753744773
2839.1150748405653
2812.9886911340973
2627.146561233645
2692.014707399094
2675.0296466690725
2500.294692049518
2472.658474763461
3040.39574537879
2624.0071168993827
