959.7488274593153
1072.5547832491143
1075.4651726245495
1104.4600258398007
969.7025682670126
1008.5168063858945
1002.9217723711287
1068.1857604027077
1123.920521414182
1039.3080445539013
1082.504942110441
908.4079248518749
985.9253610040612
913.1431743103037
1114.460568339596
1106.4055823687331
1102.8293750070575
930.3229206864142
1127.2667499111744
1008.9404382913056
988.8478676892405
1066.2046484745604
978.4124563059341
904.3082368006368
1136.6300544194346
916.5258585958036
913.7785799614132
983.9947871268196
985.5364425701733
1017.8475913543898
