527.3747795173144
557.320977332319
588.8460898310251
479.43080168397546
697.6502768567885
574.1650461562085
705.5103187767145
577.510598530396
557.7745314445045
518.0531362896203
499.9911136350026
492.84117703569393
590.2963485328836
639.8831400985869
700.552474799507
553.992378699772
603.8258354310652
562.0294182178046
524.9927511659732
584.5746305357821
645.7598731882052
647.9843544396923
593.164049338638
652.0071607001513
486.2415714533143
660.5472053025866
494.0001796834909
517.1872782949326
531.0840305435381
596.1823023815849
