765.3844517128456
828.1288384745769
801.9755128632225
796.0408425435234
797.4387316113672
615.9806389908156
873.7249777772557
708.9519649654977
729.0922345968204
752.9774049336309
941.1649984023102
719.2787649532321
758.1754844480915
814.6344599205877
803.4767781723925
842.9662680299249
696.6625741179313
626.5038917642653
769.471396316952
689.4188075067291
816.1961366949464
758.8666283302507
831.7760220115325
953.2579755548585
793.8969608639703
700.5077349140445
864.0243549854092
790.5019139325988
712.87297410331
739.0759985892663
