347.383132970047
378.8691052929695
460.8144831689281
274.2352760244363
326.4050937448077
367.31460714929875
299.13684310563235
337.8150364847082
455.58797968523953
419.191668682568
380.7101364524359
391.27633035578845
394.3190723684379
394.3518154066572
410.4454719900765
437.46468876913696
428.6871959344825
362.78134056147724
427.16577065792956
386.07333342655966
338.467953755669
397.59710681260816
331.217093596005
360.7094570864615
417.08274371282926
406.2407599342371
405.4506739774059
332.8852948014064
364.261958252109
343.0031820163677
