3339.5556845037954
3183.356673851411
3429.5291009411953
3250.174341398073
3344.8917568654815
3065.9828519049183
3323.5647405177624
3380.6712555184195
3291.58179624819
3305.836710188029
3196.5049316096347
3640.2101158233336
3066.298486227734
3486.8204717131057
3415.4581537231084
3494.4767059015685
3253.159218150273
3294.4401129048215
3165.526882343326
3256.760109610462
3433.9607071103837
3277.761953689799
3421.520260743168
3277.317888538559
3756.931795535884
3719.579524148652
3299.2666958732098
3095.7106978362212
3204.147309600077
3437.689591165524
