2203.109693508095
2093.7793493510458
1998.6366977265022
2068.0540394794684
2005.4549949493874
2116.7754025385275
2217.824139106557
2306.305263797392
2374.5887364989935
1938.848193942156
2180.592396438544
2004.8897497337903
2303.616025989945
2152.9667392205974
2169.89354551472
2210.9228299650235
2105.2297166624426
2270.952100401941
2099.762251674185
2067.9328424703845
2027.3378098454966
2135.174220396901
1975.5499945718261
1865.2735557470812
2151.7658482326324
2358.5272382514277
2372.6953565191893
2100.0411447258552
1917.1014443225902
1974.9077974252698
