885.2986685288906
632.4918706547824
917.1473280923647
1001.6585470788268
870.3632755907211
906.6176968895379
864.9645975865124
1125.079490619274
850.1214953318731
724.9625146888657
1002.0372369146617
872.3518093121584
835.5145643636342
1058.7747490117245
1050.272911218237
838.4798222301833
959.1054787945131
891.652913594894
1051.549810503022
1004.4162042729058
912.7638134200333
750.2426456925969
824.05553259718
1223.858025470021
882.8549856629861
972.564810367553
890.4919772449757
919.3257304650624
1083.6086844078482
786.52590084647
