1313.355311890019
1225.0426651714115
1141.2686519903655
1259.4297084176515
1133.0239874970584
1240.4095218638822
1394.0610100998656
1104.2270639229664
1363.1538566355212
1095.5878464914613
1271.1953647818145
1395.4796479272864
1224.7515242219679
1154.9410570838727
1338.644459846877
1246.311169260326
1425.0123981940596
1246.1433817145344
1019.8908968899395
1261.0526922187191
902.8935125158314
1463.002811077492
1121.8362019267688
831.231059385399
1432.8399698788226
1469.3801410947153
1366.1098538923152
1431.4968445343502
1196.5980575499289
1152.137592271527
