452.3245707506562
509.82659157906846
700.3991716748051
724.954520723943
712.9811086272034
742.7965974939675
500.46155519020795
655.4151912033317
674.2360357689963
686.0978288915126
694.7457862829051
400.3978590383708
636.7135825437617
605.3861266485101
675.7057109420793
728.5883963576657
814.2867532069154
575.0022401141619
733.603206338641
383.6192917670933
539.0357784392249
632.9066340951563
639.3578140211425
569.3962212385395
691.2256769850146
648.6643410916645
575.7963520502085
652.8075710133476
539.7373765996517
661.5440570360588
