403.69487184957234
580.681106781637
505.9727571183471
408.53395739543294
420.04914060799956
379.8050028282878
659.4950782136598
366.0996343286338
423.09804980786475
434.38591946037286
594.3631552808574
420.29978969447575
500.07990415857375
519.0795477484621
600.9748982243882
461.8810670870512
452.14050280763695
416.735468132028
438.97694482632323
437.6756970259439
525.332587192589
421.0648088986354
524.854402339121
572.7093282872138
550.0183017990985
460.7659702591941
467.37254558348377
522.8465354192654
450.48790951543333
473.8866112052019
