1404.1264165251741
1543.209285517869
1416.45224905937
1406.3389877849077
1804.5249831539368
1577.781958224612
1486.8857043682583
1847.5727494883631
1159.3920623479626
1527.779427851001
1605.9059135914886
1816.543010328778
1701.3422517092094
1014.3882667591115
1475.2629383100339
1670.9179293775614
1433.2305162487883
1422.9214799671554
1371.7839390783083
1636.8607859877557
1636.7647299894325
1666.3854659211083
1476.3465015161892
1584.8030321060196
1590.6089625479144
1421.0504842739701
1488.4824546725085
1486.8663319410425
1390.5128455882987
1527.5462256187893
