372.3412473951064
338.6316064508278
388.37724298426474
291.30544458180293
545.8632900766654
319.7731648204408
534.6809622364842
294.2059529427447
420.06760273140935
302.0279225618506
335.46213981309575
274.759021565264
257.9641704180681
367.67399522667483
485.3369333371593
277.48082629714827
385.3297603600763
397.2084790152121
350.5692932825932
392.3528626289876
457.06136377441817
362.42968614254323
383.93400170161294
491.00363433909934
334.84792801688855
469.376510369621
328.50226869076323
240.63995068064264
354.09678866160493
396.3582438502135
