111.4809515366486
88.31258063381244
71.86807184391091
107.88311298906808
93.56158995776241
146.49626460435138
103.41668741972876
112.11044586222954
91.8462161923153
100.49496733481737
124.33255499101983
79.54353827543127
89.51972387246383
137.68971628730162
160.6404829596139
80.15348555525895
188.54610551426913
124.28834884411458
106.67720454623617
117.24644016049956
168.6451224235783
121.70573422478674
58.713786529129834
107.08202483862078
100.39816586507789
132.47847205045832
138.9143550605679
115.99751336860243
126.76079301985465
146.83299514797932
