248.9381489499067
255.51834674442307
338.68432327349615
183.16272673433014
232.5828587123508
265.175504287738
179.64036786240058
209.52282784894805
341.5546496898871
293.6025178187415
320.6544464709614
225.8630250804963
268.53742048385857
267.2668657667032
289.3537566703485
327.9147958521505
299.6162721012381
234.45193642451795
295.72956589111186
197.3559585804246
197.40812963497683
273.2993287038057
222.5158385741422
257.34757525330974
297.84337149261614
242.22797368064948
269.8235389183985
250.18678347829018
156.7031836745566
209.9887710770456
