1650.840353189964
1617.0977697705548
1896.6561009769193
1936.2897323844481
2067.9238247992853
1653.341358698428
1953.801504423307
1777.2013222671158
1793.0185138178058
1840.9290722688002
1725.3388377326883
2272.454007715438
1921.7689126704608
1863.2455353401292
2200.575121394664
1961.9630548117493
1669.5997325866228
1767.3399545699558
1417.7223273511954
1947.4373549214597
1635.1012805408827
2184.6149494731744
1504.8898314225135
1826.3528257572416
1805.9795334625323
1821.199514377653
2051.6764592996897
1971.5362051280572
1784.3698096945027
1509.9506618835785
