5672.835376368819
5282.5560767669585
5326.8953355975655
5333.4083857784135
4825.821168771149
5743.227164415504
4988.694479445664
4801.580348167131
4772.8496767100905
5227.69466959862
5114.752315040137
5576.216707175632
4928.142960833501
5605.239652174982
5359.446738959532
5096.595649737057
5150.448577055674
5018.413799592569
5098.233875326458
5149.94371945704
5022.39508374857
4748.644871364631
5349.503596298106
5699.541319241485
5544.8475285929335
5476.842265064614
5691.4349711056675
5257.828170636379
4986.262879624565
5049.0024305527395
