9763.751033622142
8569.054962120199
8557.443858127026
8453.018644411099
8896.180119776891
8414.18671223371
9408.386005811764
8276.166572957141
8570.677225956342
9336.36033197484
8783.346566973358
9038.757069868383
8237.961063763605
8253.83459373715
8857.068347875602
8765.570570903054
9226.012523899726
8525.563011611544
8136.859182591874
8604.260095513488
8524.43016718721
8599.29942015905
8634.447267827123
8420.956646469653
8773.785670219404
8404.703383682683
8302.836619258911
8870.874731001504
8969.979368538046
8431.445748923099
