701.2099220007348
707.8457981579326
673.1711016984018
692.5583936994011
655.0276426769506
635.4325240950802
714.6154200842464
787.5312163754726
639.3398463823169
709.4675240181105
603.6368237968247
813.8654371522371
786.4336925942177
827.8208522191222
638.6101345063797
775.3624978229626
460.4591564725447
699.9128710125949
459.1479711161605
526.7491579169912
716.1789940468583
695.4642107071418
874.850731638886
622.4274494560868
807.7187585145335
803.245820325338
514.0566167964591
785.2247162003699
577.3167894187909
639.8289254893136
