2494.4646848653965
2640.933340939976
2765.8000525558023
2983.321243379461
2832.2357478300723
2570.7648533240854
2581.6122173503113
3126.9639660411144
2913.488627936728
2767.337131377587
2659.1428780415217
2999.0216537603296
2711.571672850728
2560.8735828082113
2945.490427277674
2673.4677039444136
2777.333309772377
2419.0975696888777
2635.2532412784767
2661.7754892274816
2699.1219077502
2757.2325033780953
2760.5297194721993
2862.918412753779
2922.78585486896
2678.001768375036
2690.9182521601515
2703.3698539374514
2791.67355094808
2841.628746310391
