2009.5318107407836
2296.614410847949
1875.4558203709457
2131.8469539616685
2027.808924851762
2056.601560256144
1940.3882162413818
2080.556786707743
1830.6970170515178
2222.234073482796
2082.71829185377
2316.771246813533
2249.6880599290303
2313.695926953626
2156.8689007511202
2084.698971598481
2304.3233238698554
1931.4079047024106
2099.687231628357
2043.1603932775283
2290.943389181929
2094.7776313584222
2079.1948016826846
2104.3378157579746
1691.4381926430851
2100.949539419759
2083.337417628414
1932.5252984663036
2051.9969321894964
1773.5548615606176
