10476.033389949236
10081.352555873587
10667.81949547649
10383.431917527178
10280.049570693207
10456.293508518942
10543.726569053182
10196.314908491731
10493.17098937789
10444.577774064643
10151.294142213777
10677.141440541003
10354.871593513319
10545.316154365397
10199.81671783964
10645.93666440079
10506.453978283771
10701.635548262877
10844.792458807675
10261.116745184738
11179.799288106806
10869.428957452992
11066.673068687936
10118.239033068656
10316.117323679597
10676.105512171775
10989.613892531312
9928.751973194292
11064.696459184315
10479.34048123507
