6832.509252673833
7232.972003663865
6866.114214042813
6773.307412806579
6694.977946922038
7153.653974822809
6917.012213737622
6760.924936315334
7212.506712737921
6853.16143550861
6501.629032358686
6537.032504595651
7021.92470050871
7055.335187867028
6785.817203605995
7184.4944178449505
7088.107926339846
7172.063031190254
6993.4761905256655
6654.221843021957
6853.979277270395
6773.279551214514
6786.552355260664
6835.172838880616
6760.508550910085
6566.966256763709
6685.038896465868
7044.35233719466
7056.712374079058
6859.15150986295
