1171.875662119099
1429.9562417900388
1292.0597002903367
1113.0752135334496
1350.1511621022912
1281.367045666299
1434.4052878749603
1395.2231977135339
1396.7247535349572
1527.4325706740497
1290.159702168722
1470.6815542201184
1386.4077505417804
1385.0539935795618
1493.3139611963156
1255.531165805646
1392.3708437550242
1259.4918415796537
1136.218430283736
1434.2122374899113
1346.1441326500508
1274.366041326511
1199.582879427752
1359.5243883512132
1457.6170420988149
1621.655893893735
1472.4764572188735
1502.6266025015361
1655.038417290268
1511.700061216285
