3636.1474085083014
3442.339371596288
3406.468553390535
3783.0663964619603
3743.3189045339036
3135.6025578499925
3494.6139336405886
3819.0931193066986
3508.1408150562843
3496.1292636796484
3486.2068280540134
3752.396457328978
3110.287783108757
3206.322994791778
3515.676518058558
3498.728334830203
3306.131217984884
3522.4715731232577
3878.5240334142472
3662.099917044711
3477.4893282259286
3593.497066563725
3570.0722394410654
3443.531684850461
3530.3770753341023
3409.7058302876744
3374.2157354489314
3519.8033686637705
3413.7562046738667
3321.5384782000983
