487.97999397941146
504.6133428763479
406.63464976376935
510.406704350509
460.85803077011786
439.5916019070781
489.53187667278985
422.18975863818457
443.81290970411345
405.87510659484883
462.66359765653146
442.334076123007
374.3116816876687
407.80820322203294
489.6242735208119
514.1143895363925
398.8057315090399
380.8881791680545
503.84059437916983
456.7128247882911
460.139767264528
461.3808884020287
469.51846259603946
493.49232385050493
421.2209097354601
490.50853924033834
403.17055823621956
434.47676548560764
428.402454971939
474.25986548116816
