1868.1511781589752
1843.0638047666343
1855.1873499855835
1963.9365157344328
1632.6859784830738
1935.9748878413136
1907.451490140832
1715.408964858573
1777.7438493342356
1761.86272846947
1844.7364555919162
1931.762124998714
1775.5919895793172
1918.2921334394528
2016.1564351760426
1846.1930085409074
1858.4429279125636
1872.5175426703065
1788.0179101904534
1915.2203887687426
1893.1191390984757
1854.2026414999182
1939.6271550347114
1786.8589294412536
1763.8920382434792
1840.872010667152
1863.444166030169
1931.2133082557707
1816.7472723984774
1853.1416580561142
