218.39163917522848
212.18860967349784
261.0520986357773
209.26868932839298
211.80369497264203
232.65865032894192
252.45974813885823
171.16377048494792
229.64439563872216
218.5423590735454
196.17362747508895
245.20582150660147
194.58610306579115
207.54869052768592
282.3639331560546
196.93227775846947
225.1907290952798
178.38112050258874
210.78935532759712
241.49767135490146
191.89947700045994
210.15908774032786
247.3356808522678
239.36411317519594
194.48204761029695
220.89468484205113
227.48718530283577
221.6226349393768
241.6797425951926
219.93205329060817
