337.5104920834331
344.30005784641827
351.08233320768926
265.79421415666206
275.0016967100377
393.16357336709183
374.86421743741755
278.7447822577605
320.66541299972494
304.84150675127574
328.92335792879004
373.2630615457201
431.4370994680838
312.1207720997714
313.01478457160925
333.9193130592424
290.38244279359924
281.9184125745507
412.57207925291357
373.2862651535604
327.90542201455924
303.69704518809806
322.291949753876
316.6228819635297
315.2247650551762
330.1728434571595
343.89366404266434
337.02201923214875
353.61552068855195
327.3064559193825
