623.06303296538
563.5046086764055
564.9228502954948
598.0431295126722
689.7611203835929
553.1408561619963
538.5350980205279
572.7943641511479
560.5713406740379
524.8110565893827
587.0978228430021
562.3132654151273
499.81293618802835
674.8508731491128
568.7127834776206
643.0306085922059
555.6050075924518
547.7327035548519
522.608749157593
515.9719852545601
470.7829428459242
535.9886185159888
576.1840842237115
574.8645660316066
597.0062879644829
510.5874106144431
536.4777173874121
516.405569578858
601.4891734082686
604.7388484463376
