115.12996529710067
108.22577139098156
135.30933582725999
119.47953146542699
122.46574985244472
108.12737866926581
115.00642653553281
110.36167107231958
83.06914482988512
86.65163557454626
118.65443927211959
104.59427279471254
127.01565772570473
113.00043856266596
91.96712296755048
133.95459556245095
100.6415863977043
130.53396218522195
89.29414332339148
114.22652368422057
107.05907300150287
102.47297073766985
114.14008151144743
83.6004063792245
88.66984753697709
99.22033574128699
99.69733483705646
90.01148145148622
102.79961313934372
81.44565958937909
