1165.1117029236395
1254.2927380864026
1115.8758281749244
1158.4554230918482
1129.0461941785547
1105.6289271839132
1115.059520772256
1214.9574352209547
1172.147065859555
1194.7269058692436
1301.9078590574445
1172.0352117211155
1200.3085979655248
1154.1772633593437
1178.515541388117
1339.3888678251224
1145.647199002048
1212.3560925211102
1221.489047098222
1081.242393832321
1251.713026199203
1169.2865551359384
1322.4593097156558
1203.1708730889288
1113.278023226885
1106.2247539583793
1313.0016853819627
1166.7834684644697
1209.8964802849296
1138.5241335192718
