892.9259206704322
841.0919512218472
904.2284958842392
849.302558518244
886.4990721966257
991.5699588544893
809.8472374291351
850.269559139349
834.7468054969831
858.9956050067211
947.2946274968522
963.194627724439
838.7872497261178
762.4941739834683
877.0065599101434
845.6844871533078
929.4238312494257
984.4571519435652
917.6340161392194
935.4254988386665
805.2319308479904
772.317993600645
907.7042199592952
903.3473437491404
817.8054622320128
876.083461505918
840.503372328252
795.5452261168344
824.980710294147
880.6320296671868
