1497.255024290652
1370.590778455082
1535.5436509228036
1405.7234871339042
1567.2200408447986
1369.6080188743997
1489.0846437431373
1767.830416575694
1452.0418507269485
1580.6189981191533
1467.68719475741
1472.3208263377505
1401.0029246104928
1564.2122999574276
1391.9784704292715
1634.316691624612
1403.3351783870812
1355.2009488707438
1599.0325899598963
1510.2855027383162
1514.5026782655664
1465.5423283983498
1556.1111147216195
1473.4609875995845
1509.897361502097
1391.0741350583514
1551.6511929060302
1566.2816303193829
1528.9020002017653
1572.7582375261031
