311.1761562489596
281.64501540664924
238.4464984020933
198.7931744832449
313.6835112255353
221.42472599515486
267.1904232521042
189.5597161189744
245.17231743279035
228.47560203313697
249.5068216627551
228.64181083046515
200.06978995097234
295.58224344430346
249.62260625674662
294.9528483764684
218.34845639583364
285.05616878134424
206.95830595157804
211.77796262251968
208.73054010679607
247.8047605872216
224.18848328500053
231.83194321844303
207.7462266159805
229.6310200478324
237.53295287765422
246.02820429134454
219.9980635916413
242.10973787775356
