46.69846434009003
38.05768851485243
43.377288942196856
53.63801760708179
56.812636746474254
49.40828127323766
77.35764683363266
37.325305732472316
45.809007617986026
46.317491434313865
31.09956092819425
70.85100187820115
71.04666973918859
35.310089952874705
40.4235853693483
47.71982273067056
38.00147010449325
75.6914280185664
53.539610585735545
33.431504458781546
38.357240652119344
35.38709223928856
64.00754115476411
41.90767104130475
29.948671088388323
47.55650700149715
40.5851872487832
34.254118275374594
68.81221814539208
45.30610935726395
