541.7133199230611
557.8864774033827
505.0751426281895
617.986197902108
708.657613179601
478.49233151724184
621.872209044277
780.7484589463129
688.351006609335
619.3816589534999
648.5395664430634
573.0079320875466
637.0960189493271
728.2958513190242
683.0038351891108
495.99858984415005
632.4906941588888
575.3118373629404
555.9618625502717
591.2433379524282
651.0490900890163
742.6364685137851
621.1114119389295
689.586431985219
585.2709590499453
566.1045340278088
672.8929481967989
628.5367953492696
630.1552853648882
655.8661696822546
