727.7359612459641
821.620691849741
827.9664783766602
867.54101885001
786.1642923803665
663.1300299447794
666.180713594691
808.540006393021
756.5673716705405
696.4146793571927
775.771685285803
708.4111003425733
717.8887372878235
658.7464785848224
745.8896824529929
803.139965108905
653.9693636854772
784.7230942934275
717.3888127769642
657.6230951093567
853.309361834381
723.6327358221624
663.3313625333612
616.2685180218705
632.2678727921884
905.1928941898313
758.0142812484282
629.9407557273971
764.3167284217707
646.3527558449023
