74.79067057447219
82.16704396037221
124.61668492627769
77.39436832003616
99.3959675849278
113.82167674046354
112.55501144684081
89.7819758841008
117.58672130758714
89.28791370557724
93.50108714671865
137.00732238922478
91.97388625166764
73.02973378811089
141.48416560999817
77.56414623608589
114.05538966889412
79.73879037043571
88.7263884890333
117.67413361606077
73.62238671791056
78.73787116369999
115.142504652365
61.01227591433258
86.92929390602376
113.7238986697298
90.31734508445447
78.99672973499469
120.29795116685182
110.54586947811299
