445.93452090091523
533.0231474207294
521.1195354274851
445.94259247932405
514.2753045129257
463.47849246905844
454.7827496254331
434.89583391872293
481.3893432421137
524.3386595718594
440.6107422816285
376.6946333773676
497.8913247779974
535.0167848827277
425.4958660807415
518.8717192166796
475.88670546832054
422.45081519141695
537.2853188847184
416.4183298455973
508.4607623181091
552.5968161998444
480.82445868279046
482.000221122762
458.8909490550932
469.30661013371446
516.5798840337111
512.9185280850215
459.1250696445004
521.2172633103992
