154.91387309696847
227.67758958332433
184.2085906379707
233.70132917614
238.64635894136836
192.51656889527476
242.13533500906806
163.65796680120775
184.97299946705834
164.54179707092817
181.23341545619405
180.66622411055596
156.107764986426
187.59597238447986
231.05612883512458
240.05425420719985
184.44368048761135
161.18292518501266
247.84536951942982
195.71854982674995
209.78849894833002
195.44896425702518
229.9207178278716
211.77463036955623
212.38454356799684
207.61658159863555
199.78437397034622
221.07641592249456
177.39971161295853
184.26857525976175
