121.82391078510773
138.95205642173687
203.1409024910795
102.02199139407685
124.15573690176052
130.54315735327782
141.3191736664735
145.85933260996558
133.60593586530786
138.07056051983432
110.67118599091918
169.3729517946831
183.10672966364928
125.0304536893068
135.8683854532228
183.32382624768115
129.6879808079443
127.69064974574849
198.0859150317342
156.58995591189205
151.33515797461087
123.38879027387475
137.19730733117854
133.5164413162147
139.30706961281976
145.73205489184102
136.20876203588477
163.9278506439514
210.94149187819357
147.32474960003174
