335.21903057468353
359.9025865081003
350.952591640872
422.01333069114844
379.6407750713797
435.5228544267675
344.7819219965613
416.83338909992744
318.60410805773427
262.6077530981438
438.9423407719896
501.1483277561947
389.1722725564114
296.1489403293135
386.8196197353973
373.52292157603824
420.65141409108946
490.3824460901633
397.4151539495706
402.19735578982363
302.1296601392105
340.40385154985506
380.8049148757682
308.7500873281979
404.7158212003178
257.9154931585954
429.47510589666126
430.2279358966862
357.30917566487824
344.05061643783483
