5041.3789465788495
5522.668091529073
4999.600385715717
4701.626149302701
4804.304779626352
4711.272433912506
5311.684405562294
5281.80435980601
5164.412111056787
5484.70185846709
5216.342853039359
5196.374176014435
5582.60579590215
5452.1973804769705
5395.0871604449785
4960.942417068746
5053.303607781274
5239.593928424114
5580.666292762433
5188.559487231767
5506.135510775611
4917.269708568013
5281.266009887561
5450.168703699427
5302.642864026397
5503.095368732204
5379.708061577356
5130.05532974141
5157.977637284056
5180.383232498807
