3826.9515751265612
3343.576907966047
3637.6244544942647
3552.5365093978025
3337.2393673663314
3711.8501739441303
3363.8524210467435
3344.7402582080194
3527.131506904812
3442.349492698264
3858.473501178538
3428.8581664650856
3431.1214230116493
3866.601348243559
3660.2816540324156
3701.186019978248
3553.2411026491754
3736.608318828263
3429.4844048536825
3600.370681122698
3530.81110937826
3188.5990603748305
3261.452871197583
3761.160100443834
3788.19060747955
3646.7783034810705
3220.471732810334
3328.1532854952225
3340.5272984559247
3527.0768493781993
