1545.1141494976514
1325.7653466184374
1466.4088939610633
1293.6157972967214
1155.2482633104178
1377.5690705019922
1292.3509599056763
1203.9859830433209
1346.5948884716381
1331.1365093725092
1272.5171250662772
1306.6998319127595
1387.8139309015676
1575.2642902084679
1550.8407317426265
1605.8274030906964
1388.112149460925
1309.2958897995695
1361.8019835195944
1615.9856253925514
1317.243208104952
1413.1216848146294
1410.427962999543
1482.3382983065878
1355.507609126215
1297.1789069490874
1422.2926411900619
1490.5961003385607
1473.752764084128
1492.4516773466905
