3044.191115150036
2672.523427397592
2700.5108002199177
2918.3888772412324
2733.6491797279227
2606.039076860723
2612.561787299335
2972.47641829798
2752.297918245206
2910.7970917885436
2904.0006118299752
2960.19099397041
2574.9066491853105
2715.9417852535053
2638.34654079313
2649.4268700011526
2603.744605759779
2638.117416348598
2996.618865421737
2945.5783489014575
2838.5811163613125
2751.468301797052
2727.33688868339
2601.5397094524774
2666.6854647908904
3287.6387116442097
2766.5198825140183
2837.705243213104
2822.826924679449
2675.7729454024675
