700.9730442703839
666.4403558191019
785.0929454028089
726.9817999366644
683.2390560416702
680.8180021595035
624.5767999779422
646.705986708675
573.4997091926843
679.4707221687162
578.809112110828
664.1848196507102
842.8938489750791
770.348261204703
670.9099267211079
856.0680207947496
709.9602343514492
572.2378052283092
568.2742113707493
726.7177001652412
704.387529781066
728.5139110472006
676.3218094557724
511.95839241733313
680.7642907471253
710.8885669449636
642.2474945768621
732.8270152440061
632.3289764041085
613.161142743588
