10821.808205410498
10212.613584582585
9841.995548793591
10478.806973038081
10486.374561212644
10677.800439672621
9987.044783681431
9525.790007680574
10816.085824688349
10158.77593836269
10487.705712673098
10599.71116861392
10400.389327777535
10395.649698343355
10329.046947292385
10674.895090546768
10617.162573099848
10704.148896277462
10518.94236655378
11025.659086918688
11021.4632012279
10294.368479154351
10806.820986186132
10445.063173499964
10124.279087302726
10589.520981359508
10742.416936336771
9803.65995951991
10371.278249894553
10474.686699521106
