7169.556741126547
7221.309397993381
6780.80843505444
6594.293476730155
6758.686238028914
6851.199797137638
6618.948153816674
7438.555412285394
6845.765304152341
7205.05045683347
7369.221858069738
7079.03814833623
7512.815084316678
6936.034814623274
6990.955331797241
7366.219825216786
7186.466046521818
7031.935677125043
7458.083756221644
6815.187951293723
7047.958061221872
6895.145272186504
7199.151645133153
6485.639406095499
7533.140331438749
6792.665144576907
6627.312941896324
7041.880452829326
7492.471468907048
6946.1062738552655
