8910.773755904085
8792.321913113392
8856.779508275122
8482.968170106164
9168.095936635464
8659.781768459674
8762.97117632731
9279.477975121423
9222.885712346475
9256.543956340642
9127.393196763232
8603.352996003954
8627.007932632965
8663.32532152666
8224.1393967764
9037.13617044984
8832.073495806839
8341.970469808555
8562.000844337666
8943.824483961695
8698.091703421176
8372.854277550625
9260.618087199071
8781.77121784907
8577.122479716332
8817.284139951867
8401.633604164765
9194.588447046875
8761.928888865687
8384.902279284333
