2097.6082364224967
2275.2332259616364
2056.0715007738004
2180.466264007579
2116.966791193779
2205.7109772115737
2287.5892082098285
1999.1893738582005
2103.5232066395624
1886.533881426574
2279.384771034245
1966.529564278584
2229.5635786052762
1836.8562985807926
2068.9652247355352
2139.8309294939686
2093.7533806904444
2048.1494961628878
2052.091987836881
2280.6294254137106
2234.8874852406902
2027.951647220248
2046.5309152236844
2108.4028968817893
1935.6401655642912
2173.6178023261796
2035.802189793501
1904.321118487358
1786.315098148722
2206.069908485754
