13.35977576172877
10.618315099044139
12.049611576372172
13.22620103355166
11.277662061369938
10.40195582149363
9.948932282842406
10.747082759386558
10.86193232719097
11.232415089668848
11.000421588809786
11.470270258569599
11.683770687059223
11.448141825572293
10.374155388622057
9.662387049125755
10.215337164253015
12.227902408140835
12.584864153433273
10.789574191062911
10.585313038663344
11.434642229855399
12.490585301959072
12.626729266120037
13.100017050423958
11.559805372997744
11.54521358159991
10.70465925185863
12.057351407192982
9.205703414751952
