3.2326987305790453
3.98291044736186
3.9887730043693637
4.009356641961745
3.0130413195730625
3.5666471873616956
4.120038403447552
4.459550614822092
3.543003452280118
3.4306446153914294
3.824275686366718
3.855782810376013
3.068638250004824
3.9786358301081464
3.0547912299457494
3.8170667276766608
4.22622446636467
3.2846795399000257
3.878388591132534
3.433370654501914
3.5821334579377435
3.7485000393976406
4.1472574106608135
4.975643834309494
3.566325640274499
4.4539489528696095
4.230951016681729
4.5054424109598585
3.825329741991368
4.461582331997079
