4.233840338386926
4.1031117390792815
3.734635414052036
3.7764477662860827
4.721455798267016
5.0913318159017535
3.3646094202680388
5.957220571693142
3.813614811597745
4.541757777101225
2.6620982423664827
6.5646775274572065
4.640203953404921
4.57496883660292
3.335889827274002
3.286074736508226
3.2986983186758607
3.761992818795761
3.9257130391893043
4.118302416703955
5.349507534302461
3.494678015637078
5.473413997860803
3.6723427915158027
4.043513109664445
5.399910066960729
4.269234297017988
6.176487321626951
6.3785109432120635
4.861254128907376
