40.56522670452887
45.8020711901936
39.52298471642462
38.799311505912556
33.407704492835364
43.51681448572617
39.75641533618909
34.53187668852024
39.95309558777626
38.59578274057003
37.8713672830454
45.00570790979418
40.88730840053813
36.12003265920521
36.673586437474114
36.9005070568719
37.062962576538666
39.23592864360671
42.11254509426453
42.13861251426624
39.68024497886472
38.26048017369703
40.46670971498679
34.83198309308864
36.00610197616152
40.2437094878278
32.57663637092901
42.79405011250765
45.39455408156209
40.9152102380267
