26.48709559325107
21.178180849813543
24.311785614379914
32.3292327221252
30.449871530434393
29.545663972766306
31.019070004424975
28.053354453485554
29.401995727676876
24.834345364658475
33.46599456062086
33.62297803630918
27.986373955968702
27.04047407901089
27.00019858798896
29.681425752510222
28.204834560730887
27.066584375447746
33.31179466516005
23.51282380523662
25.853234382344453
25.722574372989584
23.18489795910591
28.458534594953562
24.066983811874707
27.078485765818186
22.57156399460473
28.86870267361155
33.54340629909166
27.813903823799592
