50.85481586784408
50.546578964096625
49.209841304500515
44.836012271767686
42.687752436901064
58.01272146732481
59.45607827881577
50.328955009767014
54.5242430640792
53.655207310623155
42.865767328876245
56.29584191847425
60.93215291272645
48.75721388849706
54.108848359528565
52.989745094282625
48.23044690552888
50.87090030598483
56.63019716686722
51.33288671811533
49.79797378526564
46.25919797399547
50.52928058544967
48.2891356275486
44.580311392786825
53.62012377832434
55.07540007461375
49.49526757593412
54.27358718857977
57.92303873699893
