3.842768184608076
3.799546844573456
4.706422702950476
3.4915437448456714
3.3131892484818763
3.539084831008495
4.256493018928609
4.262684799349586
3.483346833270275
3.2521307233607786
3.131346250910042
3.5372241242131395
3.8519542860416323
3.980036073798601
3.781648431052645
4.062363841466436
3.7316561926666054
2.9823000034399456
3.9651704542383186
4.1114954031664865
4.62593289147344
4.0728226864532076
3.5167859859054715
4.587935998956823
3.773398935091791
3.087132432610929
3.8414923592841888
3.626789688114627
3.29549416474606
3.304230485198218
