40.13276186451185
49.25921438975456
49.293802081694594
42.36596473623467
46.83502814010353
38.96022629903746
42.50914433345861
43.845094633676126
49.519856112628986
48.120776820625906
45.01876578074916
50.14980976713014
46.99792720687219
52.10414970811871
48.54941558879182
51.54766675096107
56.27280533360863
44.12714475415487
50.03056115635627
46.953303613389835
51.53177808691544
43.79700660013259
50.15880878086318
53.291557244468095
42.171809514036795
45.55047861850289
47.680533548660605
48.58659829223143
54.367836638572044
45.6650939458068
