26.52005966797242
29.93807085539902
29.017116428024565
29.887057658679623
26.788141280433592
31.21750524781237
30.621264191278897
28.772930270279176
25.825809290924553
30.62518556968189
25.833613637098097
28.27871390108703
30.9040516589439
29.65279838666538
29.24345732898837
29.892426946667
30.724634449450605
26.839820290635544
30.17150602066158
30.491067544982798
29.006518011384287
29.629486072729378
31.80334963680525
27.24310211165357
28.846126573042056
27.919982540839555
29.491755902667137
27.365690510830063
32.28449636633195
29.689190264243734
