20.383955036700172
18.212037779830553
19.875516244570463
16.549960931046826
18.348625169791376
17.237784984678
16.353181687351025
19.145935656992606
21.67003083531563
19.38192767548344
20.58481214836638
17.33206643874928
19.395179951536193
14.846457619554712
18.100506675824363
21.95144576251596
19.547245404052774
22.294719790095314
18.725861168028132
19.272024893272828
21.011024735463707
18.678976947261162
18.92143274726004
20.548722143478244
21.665272833089602
18.196369446024164
21.155725506958333
19.372858377626017
22.619452910519158
18.185259294372372
