8.543156709162758
6.33471857149334
8.557488957833812
6.23600997748008
7.293763326916405
9.873134807650331
9.176634149848496
7.553973064441379
8.907278721089597
8.35476819865994
9.11635887911666
8.980523282740478
8.92731185557659
8.066817013968375
8.879921602054992
12.46361741292958
7.8814041982373055
7.904640044509279
6.073775727555358
9.806794288925857
6.686634214001742
9.28710717560375
6.776258627430025
6.733719303277212
7.477866238805973
11.906852484470164
7.387798329640191
6.748866539234541
7.57530387996735
8.407353073381728
