7.108793750562654
7.0146328740434
8.227574961728124
8.672303557435043
6.640357022248509
8.056971333665842
7.921265471584093
7.444859291495277
7.830048747518049
7.742795190807556
8.7582790571837
7.274554486378065
7.249806916512171
8.067475700386012
8.549944505706435
9.208511882560288
6.856744116051686
8.44210096052916
8.55521941300617
7.541876316515982
8.446256215431731
8.056942968651583
9.217123621286419
6.542186841467355
8.806913689483508
7.229527026579717
6.519861318940457
6.461639323958025
7.400459800683848
7.294403340801864
