3.5972351617565437
4.14434247663462
6.477056975070582
4.090302975555005
4.0180044854190555
4.260351782631574
3.840838312263486
6.876133052078899
2.9540926010961357
2.6945296296700008
3.778247113519342
3.9277085444241493
3.32399259840372
4.00565719303313
4.977538739461693
3.3990928799489666
3.292906924927024
4.115389554326157
3.9352562507051516
4.121032962518484
6.103517853192216
4.155514662389351
4.189832320769369
4.172588460326779
4.642244480663749
3.8039555030010206
3.147447204991977
3.7256659425704584
4.158189311626302
4.530919667810053
