39.78051027879701
45.21227768249901
26.78927718543582
31.693297867426736
28.36197219049609
26.54445323260643
29.43042915886599
29.07503042714052
33.29370666772229
31.198206568415117
23.855759980231596
33.417705615639534
31.682066496163316
27.951960431209045
36.18892236706506
36.34113025843271
33.729056556627256
30.712238885660554
41.55025695646964
33.89520642150637
40.444063113105585
26.970892776845176
26.80223019555615
32.81729909481783
36.214988342715515
28.370859499389553
33.38609292556066
34.0830398687267
29.208407984477162
31.663803272952464
