26.46825492985772
27.576611033152403
30.878909459986062
27.72642044229724
28.296236041849625
30.378219457674277
27.325837960427634
31.18874865995076
27.29790843698811
26.79145754703586
28.552258788465224
34.087308556905555
33.218466887119575
29.72276122211315
26.760228088722215
30.951588434171754
26.9923978780389
27.230246778701257
31.502865587401175
28.97489216505528
33.80375730470951
32.86701854600051
28.744546323866416
29.847857867823222
31.153853412182798
31.848338408612108
27.2587993502284
25.050326041927292
31.21320428414856
27.93333569620063
