7.019912838335358
8.720812936023094
6.831030395495873
6.465381629356671
9.080869881738181
8.945148410229194
8.039407557761933
7.973504716275556
7.109836071787868
7.684461948347916
7.986192797349304
7.049192368688864
7.172058835281405
8.438939796035584
7.317770102753002
8.197364633894495
7.024730505271691
7.616538915587398
7.167629547639081
8.630242866893695
8.498174927776745
8.744823551639456
7.832849573894464
7.736100016014234
6.796212794240091
8.338151336737155
8.530385544333285
7.087884540265577
6.624363585696528
8.795707221216617
