11.633280910030862
10.160961793746537
12.16768671041109
11.668401543754726
11.878526075770878
10.584034504609008
11.39314715600085
12.89950600658699
11.04996789813913
15.501205839655768
12.684871422104152
11.742627385481683
15.37260976618336
16.298802315780904
10.07530064394814
12.952914203588989
11.22364284949981
13.933706875089683
17.174335777141096
9.29058431177782
11.451014266197944
12.872942391794822
11.07814902695327
10.959025628726067
13.298330249387618
9.129523706437794
11.414631675512737
18.7993739253036
10.738484665913347
12.53886381159873
