3.5517095255967206
4.922212938141342
4.369707494017007
3.637024739357571
3.5254411115521407
3.9490555735249018
3.533991964678421
3.1424047599300593
3.385960263135871
3.4694139543451
3.735399624786737
3.1474179416012475
4.193411570308854
3.787616443290858
4.267438646745973
4.337488026749497
4.052193201840396
4.54083422211761
4.246776957840098
3.9775993694058798
3.4359320712272847
3.1939780582580397
4.496817894472201
3.374281339265167
3.4113280549354386
4.666383777960732
3.7795072297600427
3.9791408937616097
3.376173237609919
3.30301082777396
