18.37825314936981
13.125780544882673
18.55330500498485
14.461416641978303
18.88741694529017
18.626617662765057
15.8353350415764
17.36882535579298
19.61366135784874
15.773900790253265
14.56567349078614
14.411152358419713
18.708430794771175
14.35824213818023
13.92109564053635
14.834659148827086
15.112008226343278
17.744680134858754
17.394943349874666
14.528630027952204
16.88739983799178
15.171267871118744
15.417574689301091
15.821689461380174
15.360716786878129
18.545881392959018
15.615854756449153
14.916727387103492
17.146632723442053
12.939666764662888
