56.49032113252724
57.22992283212261
66.20429452400822
55.6873372564005
62.73261386935155
60.39624603862285
63.45490851241084
65.2776077804483
55.525235900286134
61.68870233112466
57.96930389316549
58.295367539900326
54.07535286749044
62.51231468863625
64.66238397289817
53.681757280575766
66.87832470728245
64.07061127354973
55.7458434177006
59.91666077350601
53.93866281015107
58.00316363516322
52.393697654493735
65.78675797265532
68.36960511279904
57.89290709598208
53.73139032945255
56.758276159656816
63.74122666219773
70.87979428861763
