22.2722620248187
23.683628223934193
22.538773414551088
23.407190462046856
23.188540867615302
24.189717564161583
24.329454547895693
20.874268969914283
16.74549521963081
24.827056496724254
20.359459671503828
19.844510898866247
19.254232736000176
20.63286668417959
19.47832374244672
21.53678300776255
18.062255202801225
19.4848324267291
20.228453528014143
20.736245618274097
23.18416782246095
23.390136691242787
24.311577980057336
23.304264698277166
21.79612240029155
19.492063534295085
24.349169285470907
25.199973170848807
17.27613926247932
27.005146149681877
