15.701177401206678
14.454544169755081
18.049436411037277
13.398795549830538
16.82146587541274
18.630264514140435
17.960858412478956
18.187128186484642
16.96066296317713
19.191442300713334
17.968335659768854
17.14888572711243
17.862865866900393
18.04860346804935
16.779814760718182
14.852416473367612
20.15292709672076
17.02487626829361
21.92809861000569
22.035669149173373
16.335008027017466
15.679834328838297
18.15785878180941
16.546434939747087
17.98384373916042
17.763447727303628
15.781850973851306
18.15301905370825
15.462061914347032
13.099973723496987
