22.52545138817868
20.63027554866858
18.592012004633034
15.34465811937389
21.607374834831262
19.028945832136742
24.407193287792325
20.222540237076373
18.60763924197454
24.434690305450204
20.842029545408877
21.848094411041075
20.45998282379378
19.179671093417255
19.252812963795805
20.869894458743147
23.8945651868803
21.583895805990323
22.01441624473273
23.38751078779842
19.862958670845728
24.209924645364936
19.489880506118425
21.54259917824129
21.980090582133926
18.62392651250684
19.110615590462203
14.720827416017983
17.918514978727217
20.072034670143694
