47.89448693892609
42.25412375918495
41.98159104423121
41.57602763048726
50.33576233836902
40.0946524590463
50.9340816775657
36.118127863538575
40.17808150349356
44.090815267430116
32.582457544684075
40.38676982989364
35.84777344652139
47.27667723572813
40.54735546786924
45.5433830225611
38.84864005806412
41.4557109682255
36.61150771390385
38.965326381555315
46.540116321104506
36.16335799335775
37.168417033312835
39.27154159230304
42.39973325939809
42.031853461600804
49.61111457745483
37.21144328506762
44.84015674225884
47.85970628473751
