17.584001182442535
14.355760227348128
14.59552195292099
14.408593530540657
13.785977412636385
13.400860360499337
13.743151798623785
16.87315126999556
19.147840771630854
16.519305837603497
17.355976710954565
15.718551475881668
15.222410362739538
13.867344006451276
19.476347989073474
16.529236518975267
14.767145707694453
17.458810282718787
15.908620280126343
16.054704023002614
17.308157286534424
14.85370038071369
13.427926316080175
14.782961128513762
15.658084114719259
14.186929766596677
12.522180772400134
14.411681390473404
13.440678997155374
18.03161008609277
