16.11890853836212
18.189798866460023
19.15963197711835
19.06760646262319
18.67984932557465
18.133652113760036
17.40578603814447
18.99137084363838
18.98808372551457
20.29820944116409
19.85725754077839
19.910902125716802
20.08716784660237
23.02901852738296
19.536882106940993
15.933202556307151
17.272965013723024
20.60865446854359
18.46271892480172
17.472627661767092
18.45718919506453
15.532849647451258
22.398881963938948
20.18952147439586
21.546606157970928
18.32853083652617
17.62852080156881
20.11490340618684
15.101682968718706
19.095056025662416
