11.234906619189815
12.563521612117938
10.94130394554827
12.22615895197714
10.744020456609633
12.555303801877926
12.217539765236552
13.071584799773518
10.480796845567056
11.522179065273576
13.545922279068236
10.523047873956102
11.746847583553972
10.617726733545624
10.522394040806603
14.293623301838124
13.17135438125024
11.32982300000981
11.698644435538881
16.432655402847786
11.13857161503256
11.566213790163602
13.32571948246823
11.959047758519318
12.554585390790635
11.518685759313257
12.186429826086624
11.4036659793735
12.269328127299787
12.422560433675699
