9.69240595791257
9.48424091682341
11.345508518177667
12.565671998801918
12.03078069321964
11.321787240883395
14.022000732094966
11.788264192981842
9.45246928822462
13.211545213166119
12.65505265810998
8.985738649248106
11.625341943878311
12.830236260268066
10.730776516653805
9.663590940438553
11.577233471382897
11.354716087405905
9.600264039115245
11.14423240300539
12.033010455637623
12.670804670867028
9.618475342398142
11.042186295399688
13.73714185834342
10.275019943061125
10.667550541586024
13.250341720769256
11.443985971045095
11.020698031080428
