15.774239034136826
16.55918842951769
16.18790504405115
15.006183319281718
13.764444017197093
15.109123262214325
16.859918327460036
15.8447087926952
16.492097076422397
14.319121493203966
16.267798428820242
15.768518873977882
14.849848176093474
14.488951399788675
17.867708981249052
16.80605070803358
15.650435631264372
13.99649034993945
16.377191516719904
15.664379511522839
14.971479244572947
13.041097572809576
15.52808793430404
14.496987342613465
16.615204300733694
15.041962492039147
16.40377099325906
15.581097994713218
15.001139852395227
17.751630431165268
