54.54463520434001
57.54109449074895
58.16829545629298
51.9166255579039
63.38616927886869
60.824541609592416
61.43571732064083
58.263027594999585
69.95426042951658
62.621889246003775
61.41626709512093
55.29923037986555
54.92111441916313
56.629623955494026
62.04790436825897
58.02570770096645
60.38998171070489
59.3536358244055
51.587540022392204
54.94839290366326
62.03833963543548
54.38378555793497
52.59749931758233
51.945662792248186
60.213542219340525
56.579697459104864
53.24883808197228
58.21763665639264
52.30001626336343
56.87902188208136
