37.851418026819374
42.147449647548456
37.275405691480046
39.786873217106404
46.31999589661609
38.36593205669578
34.98338054089254
40.958021427960375
41.64294620985402
39.12358557259449
40.16913290598677
33.52600227439416
41.49732908371061
37.005821080397254
40.915599035573905
35.62564408455091
33.17770826978722
38.60804270433073
34.83802058087349
39.28074631158688
39.03569937551492
36.57950985949083
34.22495561528376
42.54901050823537
38.369866619274944
38.25852737180867
39.73488018536227
42.71352159208436
35.771837816976586
41.69943884773329
