67.21919628485193
57.426286797192006
65.69612047215378
58.98766756515761
61.56539259068086
55.99458506134579
63.63716772945918
52.96932697500779
62.85190320829497
54.23272046150487
64.81587056304852
68.59715252698334
62.28245828376021
63.657271704849336
58.757982144295966
85.12529021295632
64.43015061324331
59.840857536999465
63.45866653675694
57.30494122710297
74.20522537952274
65.34514284847864
71.21882823693159
57.141604987858955
72.35113025045939
62.047594280744306
66.59781242825557
65.96560868161941
83.20873745472818
65.35441136933514
