37.27321359066991
43.11626408894335
41.09746708111379
41.37379347391288
43.657693483481125
39.901921977261736
33.080841538679124
40.470932429137065
41.484932002850655
38.76602341867783
46.79902544673678
43.24143717698007
45.41229756540088
40.46598429610549
38.171823212627714
40.17054571728568
50.07102809099615
48.277754774424466
43.40916701538754
40.571537274367984
41.23298551019798
47.39595342160737
35.11057127337335
41.03741823841119
40.686671624862356
42.332729204560565
34.24429764742399
39.84879443896534
40.22122948386641
36.81593329677435
