28.806090073661835
30.953306643637006
28.471961671682948
33.8521302398176
28.504157151062827
32.07362877703781
29.62745841765809
31.47654211036388
29.446876603568853
31.31231193156418
31.835190470727866
27.217865384904144
35.219001325071986
29.216458647466425
28.95555217090805
30.68552210846883
33.141303801915456
34.205920025627165
30.652003393887753
32.90989729722878
32.91730769415153
35.15550443051234
37.69973596412183
30.919989608139076
32.361822782158924
33.36678922871215
30.804045092286287
31.316436940172025
26.563203542009433
36.38271465810885
