36.866293197174855
39.127661633893695
41.977085698149494
39.51478984761525
43.77889519800192
42.135189059223194
40.80247227187647
43.983924022858446
41.33359223302705
36.89169573445088
37.44279621323676
33.85816381278255
40.272881303473696
32.18818076390926
38.95450405889642
30.042996402205972
38.393447862938956
39.13427078752193
31.54618978182407
42.433208471872604
39.600645693084516
39.386417598730986
40.344602853531796
37.807771535472966
34.761422991623476
43.91450494988749
39.724063737778124
42.04594215084671
41.23603942545469
37.23843144424882
