19.397882651405325
21.740835844887442
20.711975974646066
20.02545048613183
20.003569232724203
20.546530148894817
19.578043952200915
18.625102624112515
18.66685735158262
17.288512694047768
21.41924543053483
22.060592436851948
20.77603064427649
17.83225986770094
20.753342223781146
19.58625123450838
21.216099718158603
15.878934273277537
19.699760484501894
19.294254025635837
21.270064624945917
21.17642351694076
19.318229141138545
19.627629785261433
19.364567375241222
18.393333402050757
16.227645185627352
20.081193317133966
19.683772985637006
21.915927077923698
