8.413161310645364
12.14830990147766
13.539138236110375
9.763719721972848
12.154487934727513
9.822881612830088
12.511900112290277
11.639094267369728
13.342371002868731
11.833489823396121
13.213289290431021
11.351992322710885
11.718397298246828
10.499471776647397
11.019680928221078
10.74927315788409
12.298763172517283
10.87607033580207
10.676605092221507
11.98993670064101
11.271549650469751
10.938144619709874
12.412046190316687
11.83425973320277
14.590954173971568
10.757477987284574
10.482214299971929
11.299745982525565
13.050314701191382
11.801633801370372
