55.42628957537636
64.19647027722567
59.986692135100384
61.13347766310653
61.691237271368664
61.393296195030416
50.83105640584108
54.61200936847126
56.34548049939622
60.138108236200424
64.210231575551
59.5761934862694
57.529598722814626
61.459351676390725
59.251132035225965
57.049401700314775
58.03158329393409
54.23880303953047
64.16150899668719
57.80015482764611
62.686275218131414
62.36428115300987
61.93634182997448
62.94854067198139
61.14081739308858
57.57306742275796
61.105907299361206
60.329603301410316
61.2848069640695
66.92937613663344
