52.84300382085348
51.660516118723535
48.810602490830206
52.1309128829962
52.32725991719053
48.809324038173145
49.16106119651522
56.59147120071975
49.650649909666754
53.16508963326851
56.14775531335545
47.451558688042496
56.44913297752646
48.353018241725295
39.21936392259158
45.82643832053509
44.66146444309925
42.83505833757408
47.816960370717425
48.00055936651006
53.31181984011346
47.42906807226609
45.559858856409846
48.4780506363968
41.947465805047614
46.77880138245928
45.35755236053592
43.31475509407937
53.61180001406137
39.63562947362516
