60.40616414468241
63.950826848962606
65.02735452655543
56.711355412255216
55.303323954436564
57.797485144292295
63.70387208141983
66.15022432803016
53.43915977830147
64.78640204373005
63.622850206684234
53.88136341558675
65.60419852839368
64.96784308500355
56.63142113447611
50.91143712689336
56.33233849463795
61.5238586646592
62.778738242810505
67.21074658192265
54.85880301119323
69.74286893000317
55.733248064081636
66.11655256165614
60.07125338894184
53.652826137793454
54.915299260354004
68.32037668715566
62.73122819457967
61.04885539985662
