7.870597319336639
8.271361965446886
7.099892644556803
5.85713017474518
7.74882151775364
7.432782522517755
8.084719469784886
7.363335149491604
7.214233325927125
10.207901663612574
7.821162480402563
8.275627012805444
7.01083572298694
7.503253026628272
7.981528645237859
6.725560115348571
9.163040523799737
8.055383009005936
8.142886011478595
6.6797482765352925
7.288067376805884
8.41934863113488
7.335979765268121
6.3618400209154515
8.197070356037102
7.39592460320705
7.859720940209172
6.0776650705117845
9.33942645821503
7.5212088660941845
