16.77678996002669
14.824689842984299
17.24563925906523
13.526357663219642
14.911410935306321
15.237078295758238
15.128549604566615
15.234795815582402
12.697287583719572
12.359269973952905
14.694463004795125
13.340903139964212
16.518556838714176
16.794108071455412
16.730583358950753
16.389981615624947
17.478380784383262
16.58396868680302
13.806630224769833
16.80623110225997
16.714005191819524
15.058588622807292
15.866562305064235
16.51987371776022
12.573646089758313
14.534223907454361
15.130163265531337
15.514217811014987
14.84351643388436
15.597840432592875
