65.82620433943157
52.08545986999343
55.87182395847776
57.052377626951056
51.5255011555455
46.3290907886967
53.994880123957046
42.293862812752195
49.20360471910317
52.20935471083067
54.03334909710611
50.30273588032469
49.686562380182295
56.917512477577475
55.29754819712434
50.74653700013914
50.362962674367736
59.33636837817721
58.71445678314376
50.55212511801801
53.618810284340725
54.804632139630485
49.538998026455374
49.54393992517089
54.539443371431844
45.21341735501301
55.633529217862815
57.704317810490465
47.62424259864383
45.22410930292244
