52.766408323079304
43.08401777970175
53.68620143856424
38.557048508353546
53.300658952419326
40.39484857575735
47.51235778447335
52.89787085990611
40.50313354053833
44.45846144883399
46.62805077829398
45.45684220856492
49.84377561503425
56.909616127236404
46.86854294562909
49.900818972382694
54.28641888176389
45.385889457071244
50.42470820725066
46.30223324290273
51.67359304852107
54.817066399291434
45.28764977261562
46.63310380778239
49.06223538558697
48.08571477496116
46.229720518709655
44.44915112328181
46.9688515195885
46.4350442683899
