7.961080314400533
6.56011702539854
7.6921907488765555
8.255183563265064
8.585903827943184
7.768822168903853
8.718286303892455
9.371743073991638
6.1835888164698645
8.842639873368626
7.166537548288716
7.493543742014936
10.260527851296501
8.281908407782794
8.281001998049305
10.291807649729435
10.84271075435754
9.336641009671439
9.372314408237116
11.367264191255117
8.947140523164762
9.483546001097466
7.216900384371229
6.72779460832362
9.26879013755115
10.5799943757047
7.756802498759043
6.683327807899559
7.62763878007604
7.195699245284004
