2734.8407877555237
1746.4101479341243
3208.5147092376574
2978.9692642556474
2846.780203772172
2869.2851660804317
2703.926117140598
2677.487647224838
2387.0010486649517
3256.1174415631376
3221.603408753668
2121.768098489021
2090.0819142790297
2450.3889340148453
1891.3205008406494
3288.709045591353
2859.9483311779313
3410.998203739149
2734.1446014005414
2587.277382091839
2354.439793829748
2276.813995631528
2404.6378793694093
2753.941635932124
3043.3950497993646
2861.2685186710787
3240.4461637511213
2764.957463871897
2422.011323706165
3059.035248677821
