254.6929957943978
198.38192511371744
242.49657551660061
213.9983735077226
174.89623034051124
231.04319096868994
236.7222408577361
163.0367386257933
176.26537121671026
284.2427838707913
235.52675678762193
290.0578829120111
297.5920251533296
353.06642052237567
250.32315850631517
295.48143967295914
267.8745812305551
258.38747896576706
253.9747234730005
217.91370703272332
124.25748337661139
268.244480527306
271.02594472893134
160.93898269979195
245.08299222063124
197.0807312588472
397.6239657768476
213.14389148395753
214.4823439816539
228.59183537264198
