244.04244171018308
148.79149926779314
170.90834437314948
134.08340813306745
251.81026614265897
197.95943748924788
181.28476263811717
206.2344458686846
298.747745658653
153.57298600107015
147.25956699424455
251.54186413570847
190.81930528727116
191.11369828479292
214.08143502772714
207.3062886166456
192.06749881853443
220.71401887747584
199.8894529194447
201.38063885930433
305.4896939968821
181.35914492535858
226.7275303749227
166.28550235280022
129.48357849412582
214.7526910368722
122.79475857158332
159.72617835768278
173.34785517865657
195.14151499710192
