225.37654565387436
195.87635009565804
154.1030545355353
161.0200631161921
178.7166668146573
256.7481215521891
271.65287181364727
300.3973557900025
291.77455364371383
166.48212229859905
216.0768486666932
180.64702547154343
309.64812326534866
235.33535738803243
157.56025523758206
411.8208394754299
362.40675576695014
135.77815971895177
366.28144192219986
388.660690616529
173.2812988884051
235.0687320667622
168.10853545960288
279.96910262969357
205.14768062950725
210.50897442038217
301.02980400920796
233.5555785252651
228.73259354735455
191.62169312908907
