2045.249318241742
1795.3805028175966
1889.6183148048121
1896.1760130107969
1716.798297490881
2044.6278145604756
1921.7968367244794
1956.6590392331318
2093.0875724762454
1995.2865368298108
1793.920947513212
1856.043246528674
1596.9655845261786
1860.614738953369
1717.411613614432
1834.7792931449258
2336.496181102032
1699.4620486055837
1643.87105059637
1675.8795097751254
1887.222116578926
1670.3689680328916
1513.3364526102296
1987.8806790798935
1856.903060690358
1801.2895243778912
2154.0885209512817
1927.2975561181474
2285.676525119962
1577.4433041752209
