1807.8295272844152
1673.28980864414
1384.7058359271814
1609.452505021809
1813.8893585378937
1691.0165987090768
1794.0332404867095
1547.3302175849003
1600.7905064291572
1682.317294683644
1572.0116133208685
1503.1599733566763
1472.9726177841385
1462.4969008919343
1623.9214245349995
1794.2731661093912
1532.0066689325613
1403.5800038165944
1821.0211199433343
1538.7837993066569
1459.4077964224107
1458.5893829657998
1613.849139837048
1263.6418229984556
1519.8247316321995
1626.2501038699102
1609.6800288951108
1498.6572310319134
1775.7172040853766
1596.6335751388433
