492.70529137111953
412.54896311654466
360.9576997899517
320.1642906403649
361.5668557983611
352.6313901440001
446.2811241132599
445.69746669921506
312.58399313606105
335.83938784112866
320.5713243298769
296.80727278707855
405.03793822411126
231.75163598984227
328.85346834133225
284.864410029149
438.4135026585327
336.01015334986596
262.68250801838394
423.48493609402976
436.0889399176267
500.66471095576026
334.69070861810997
389.9063432333619
367.9240133398989
297.25730835200966
365.06043249413506
360.35183823268835
459.3483291941079
349.024095111683
