923.5799381644592
976.0464358089357
986.8073238092347
711.9034388744412
968.7434423559243
916.6017248737553
887.982810369449
1142.8241238611163
813.7945269210168
941.9325415465091
865.8261822131526
1064.1162803114457
795.6040334786567
993.6913601614388
995.4505934612662
1145.1924325061746
1223.5336089004577
955.9349197819984
897.5360059762552
989.2559875842326
927.5825462192861
981.5206690729256
870.5622334308764
989.3778624196075
983.0038178219665
1053.9099525403508
1018.9541761808387
879.2160974621474
1006.2902698601665
1133.3642924277738
