78.57553267962987
123.27443970961258
59.707930230720535
79.99280569221628
79.49259539403317
104.73260410962746
86.95550343745685
100.6760317727967
124.8714869511748
117.01365854918163
54.559445230500046
91.82143201078475
85.54473944260269
120.12688635878419
82.0213258571224
71.50173729570577
101.04600795424699
114.22376113446546
77.77425936137752
85.51577550940124
67.25822060669282
128.19629167136634
77.54218989931542
84.00325333046794
111.00050398100973
78.97347062224992
87.3448751722151
122.42038374308981
73.52301652705228
67.46444362338207
