446.7755175545785
401.2300751921157
596.1245647226015
489.92336772450744
682.3432343334598
519.6865773628465
753.3305652186818
601.08000633864
472.3940570275081
603.6424774386969
599.1622493052241
581.073979932898
622.4600266264615
561.642935218601
872.5634124110816
551.2782475516965
850.3230816030787
535.5891120599686
508.5904301066048
655.8646080283297
593.3004492196628
603.806298079855
521.2952596314208
576.0230695128494
623.6311500063348
578.3260426606203
549.5959135051107
594.7914798632742
714.1156508795953
678.9830357173023
