895.570802045811
964.3107320349345
983.7610525186628
934.2904790195689
981.0186755032701
1269.071317195097
1262.0970754679824
1190.5598860593
1015.5375685297827
1100.7094510114339
1102.2358334077608
936.0721289156832
1299.1432069048842
1075.5778650561324
772.1889423605066
988.3702386618479
1035.9836721758725
1026.8410066595438
973.5560703714696
1030.743461532552
1088.3809215800243
1146.780736770164
888.8926173155246
876.0942814571672
1174.8358319924191
1006.2618767404738
1395.9906562768997
1279.1038455604953
1063.0297693893485
861.822597822199
