137.18246908084348
198.76346253010342
193.1552970666528
151.15342849357262
238.67438964168173
164.36285860203157
159.06210653289895
160.1134493024481
118.27229453842665
150.11075874019275
212.9587025313656
183.36585923827784
194.9331318745451
258.8247218234101
159.74114490695433
153.47215993608984
180.8168706063766
218.51423485805662
174.9138038527442
165.57221353468776
189.85707768042266
255.42095079619799
158.6272697456875
212.54480383589907
214.0992698870068
229.09723750121998
152.33021113959398
183.50013411706732
219.1026518240526
202.50140785816802
