114.7740079507247
192.24514567248332
190.0639219428158
305.05196808400376
152.44646981060828
214.18808268906866
98.69476311610151
206.96493348180195
174.79041731209372
223.9709153094043
118.94292654745118
196.32402305332766
180.38719967339364
231.81455022649607
126.02088308182397
112.40217273701433
200.73580170578236
241.27280828951268
135.62001786074597
267.63960541187635
155.40651964588665
153.0901178767491
131.61411731947942
162.24315884603652
175.47541696524672
86.04215462732805
149.06814199427663
158.18274259983878
176.75165029359232
177.5230866246137
