305.23093453094657
233.91751159796354
322.1932213422999
372.2566384339582
417.7075026932994
486.08526858340974
304.63147484392425
292.94051977175445
312.0701238662698
355.9082644680632
398.44729152615855
403.2173204562075
314.60614309586913
357.27226828340736
449.31230008608577
262.57529227796067
362.71469692840265
333.92710208607036
460.7017870399584
394.9253962227192
199.92470673671846
534.7188802999392
398.47839113644045
188.68843292002566
233.99980863408337
251.96762921719755
440.38874472271436
259.0215480654167
452.5900631844361
273.9180740367442
