454.55148614577456
426.44802112892194
395.3247845808123
472.16773175894195
474.09606075243255
464.4712075454904
687.6096769467545
606.12093452605
429.5219087230839
461.20212368996454
563.5486413515705
557.9346615385266
546.6410159521902
479.59725924141003
515.2223313659906
426.43800545393924
479.29219324000996
603.0464012529678
413.27527154931613
623.6279290700427
524.9510545556232
572.2383550211298
690.4290564391017
445.02827947570495
504.22030566612966
530.5005876612217
579.7619348728081
359.47197250411955
518.1221894917494
519.152899580853
