390.0653792061976
415.2089386094649
304.48541361180924
436.0066284479203
357.50349619895724
422.57165025333416
389.4346943872474
517.5356559270499
425.07998254834683
492.34856794031475
395.06477342398784
396.9372794244132
350.4510441506404
481.40682837384884
412.91436408046684
354.74878743253976
385.08642945299516
365.88161385134936
347.6285556857738
392.7611093836663
340.99358954728996
309.3841071184661
304.88322061677627
302.1884645704049
527.1608369941073
403.9472468447334
376.2684742013066
385.0254588502662
360.4246806286287
400.60186856469136
