83.51901944774761
159.84056178291223
145.55481342307007
122.10436721091594
105.78535418373917
83.01257613123994
85.99133387029963
141.33847949252402
66.79151185104092
129.33513166510704
75.85114857365443
147.36392535951688
101.91386472453064
53.726580583132886
87.89186789983387
140.7070622938528
76.26413034374502
125.55106051183225
162.87264726070532
96.0966636670189
61.4151758019791
121.51228281497492
153.04977683228435
116.83544240593574
67.4176462171448
75.22371810961693
78.57788284748938
162.89611924757162
94.93336166968766
86.24516538005855
