739.124507446033
748.6387448254586
629.1071716392635
794.2621153904702
558.1709403847617
642.3453229567267
914.0974246233623
509.8233653434936
609.5946603817674
758.2195435297267
701.9179990108705
724.7100258815444
724.3408571784007
744.5021229614545
658.0747890242269
728.8340882476659
743.2542724433529
811.2327634384123
821.6991701596162
667.3213944253598
527.7352899381553
827.4205258708312
643.4080234533794
843.1244848224273
629.4488732778432
521.0762645206637
535.4965214340223
595.2009060824516
416.90879970296737
858.1138483290688
