2338.4798539039475
2901.0040058219092
2562.3755251814864
2101.8071479400714
2220.713746634252
2265.511825941754
1902.9985939624803
2891.5141487191195
2606.5855861314158
2657.530942116602
2583.3594557383967
2346.504981029462
1782.036178034099
2202.6088018117553
2139.1213543477807
2796.1879248276546
1809.6998173920456
2190.429492223455
2539.2951101558137
2357.0790104362914
2191.760877857834
1870.0936595434941
2291.533232074331
2186.299958745476
2874.045861074801
2240.284611271398
2168.4940795301336
2631.893365764321
1945.396807922887
2473.050869483637
