745.2173784635916
757.493044321729
903.7903553389315
986.9849148170388
852.6318387169376
890.8830573310552
787.6217798712605
897.8313069731776
977.5621387734518
1083.3189884928988
961.8610947993429
841.0674428683815
885.7978821634442
908.0766496069637
832.2756582945858
853.1741190199073
1009.8783415733378
1374.459471273779
1089.2366601927642
794.9008199114987
830.3600536727135
1176.603108125193
898.453051883921
724.4928702589368
1075.877595227319
1019.8032550707812
947.0763232079134
829.3512072519234
1042.1203315822568
734.1405510521572
