3162.8985676053635
2392.445298413373
2831.985294533185
2601.163961203597
2436.267722870487
2725.074806984484
3097.46544905087
2158.9889839117723
3218.6087233474136
2407.7716601484954
2937.0115295032183
3167.869235380226
1959.919060618071
2727.737967425045
2766.0375384069403
2808.751914038711
2246.8331114218954
3002.9213523962408
3230.898986747723
2424.202216614067
2099.033915716179
2834.652218169558
2765.2652045124287
2297.6353013633125
2230.7056069135315
2074.6638994162477
2592.081841550499
1828.8369845301868
3335.4025392295307
3024.46243819561
