264.7847101158868
267.7263954051282
299.99806991793616
220.94335691212473
397.1004428362944
242.43415907618373
302.19117435894304
257.22989244476275
278.8289280207139
248.12879705828482
348.8410319100117
315.1680216517507
314.45145232638083
430.1791794355063
315.87550338187475
260.1064172301976
330.0810192565582
337.8542625316097
307.71033881540643
340.6378053849103
358.4022250978403
242.1473314938712
353.43893964693007
301.1784073236304
255.70471948599675
263.46111921522333
424.41651631433433
281.72417747788404
206.2972308734361
320.3904817609473
