1074.9074015547103
1150.0638441477695
1187.8023224688168
1327.0812180274897
1085.9446777986686
1148.7626125816078
1319.8718636296599
1060.0031084877937
1226.5515106965377
1177.8998090064251
1011.5682143182312
1223.696902067226
1334.0766629578939
1203.5165893976236
1172.816102318935
1200.8861158602322
1097.930310578251
1084.729343237852
1092.9559085796864
1246.0638105503767
1214.9327242358395
1195.7261878487989
1253.7013120478168
1171.2118157879959
1373.3564312577018
1226.1083352498154
1193.889527284431
1285.2716411743058
1273.977262176024
1231.7255308587028
