1033.8017818883382
1410.7405617394288
1286.759757391881
1184.6641525015166
1179.7444765582059
1528.0706144497708
1272.6432116347387
998.7027972944816
1150.667210935253
1356.401068414758
1357.3374034872031
1357.9409117819196
1266.900906061377
1236.1279772853886
1241.8028083642148
1347.4471186092214
1125.3584154689306
1068.9927506412987
1313.782535230168
1319.7911130092398
1171.8143233692954
1236.2854960597324
1220.270578861393
1417.9723473838094
1178.3322088640634
1410.7413552047728
1216.5441519032684
1349.8985637659807
1008.7548514713799
1342.0331284612748
