795.6397746917687
1486.2794662694987
1371.6649541704223
1388.5108630101668
1340.289356871031
1353.1284603425815
899.8819538067587
1466.817990685884
698.9747498652318
1246.2868652568095
1054.3491388492093
1748.0992332585893
1598.1819537815627
1101.3350437851163
1579.1222381702887
1650.7397566830414
1289.7855135573081
1481.567252158985
836.3827014147828
1423.196704625127
1145.4765857292568
1585.688737967866
1108.3207427394618
1477.4797287576203
1604.0279278123116
1214.3742014469049
1168.3699020231184
1396.3145335968643
1641.864989487607
1564.0005594884465
