441.39408012244803
364.6042697502653
611.1562436015622
471.83564188829814
636.2825803267333
542.5359395059877
233.99581521533014
412.9099765738374
434.13048295237286
595.1148875847307
582.7358108545463
487.877270824609
379.030475262306
401.86757612182646
590.5357958707266
396.08697080140973
573.8829282772701
586.2988821613549
403.2854677581074
444.8966669992258
377.5870091746094
450.5691507977899
505.73408516426434
444.34232315670533
490.00528163805234
346.69803274591163
413.8165865385115
486.0820864209661
571.2496218726346
399.9481992855199
