867.3596186933564
850.6129376992549
731.3880996917924
813.9822449318945
861.7359013256319
783.511317215788
610.5102516187544
846.8828207881561
669.936943713059
598.6042505293408
888.6700756147839
888.994435855262
784.9680910539073
864.0975227297786
742.4554535327143
708.8040256766353
912.506645350707
798.7900457909554
1033.0753708887078
717.9399496027108
715.1445995355107
706.0000840973235
804.3819631902907
744.4731518844528
866.190856510103
877.5376642615611
647.0784673925409
723.3011803611344
893.6610479685023
832.3365658531438
