279.83745115330385
280.777656445156
384.3864975231636
313.9395928490685
291.85292359950836
273.83641091659456
287.6404762378752
282.89781538750094
396.7949723340398
223.8818103362521
273.8926766601021
300.8734723582336
395.815128590551
291.73223306776845
299.87401823961955
257.96650357010367
309.5286596485421
509.62252387024637
337.0230417285261
258.41184657371286
343.8775593177061
362.01456790023735
238.98104544082025
246.48654456854274
281.3020362643206
327.0023633704093
354.4474203462155
369.9499195084036
199.4378341982424
252.93355239356788
