3395.406916840713
4412.92506216672
3881.934742900072
4646.231832993275
3662.789735058541
3291.7270038102706
2714.128572370564
4408.633850623433
3595.966296720786
3156.296845814837
3495.499170699479
4718.973355344167
4024.7008420961283
4663.23710688989
4459.897066096737
4478.5954440090645
4338.4909366149805
3882.366045358136
3999.1942832653403
4394.244499805411
3542.412643577487
3596.0003279638895
3417.476991486312
4531.95263536237
3735.194796813914
4085.371183506144
3524.078993008703
4441.928999257181
4235.277494580707
2776.662933373218
