797.8317870290975
822.4641751849031
870.8075671581055
635.0723030706104
847.2906332249786
623.0305718874833
735.1197971232496
694.8973643779354
565.3925193013793
811.8839672311024
690.4912142071908
753.8195693579546
721.8139741854811
559.4916434418938
853.4810906367156
770.5480646479446
635.6398442504469
793.7331384726422
877.4234369234446
627.2764416081882
799.615740485111
694.5282261923849
764.6640687308236
725.1922583694777
773.4481647296288
702.3809148105129
602.7181999406421
633.4874847514948
824.356708483333
647.722610126284
