143.97668600250518
114.46679393899865
159.63824892891012
97.48272792769467
116.33816701348508
140.82097996650418
180.81792728970163
101.64881842451041
110.00600177928504
85.80374064202545
128.29317970631962
146.40470415409698
69.45123026598083
155.99134547822848
143.7062022826982
139.14585655462417
101.2826484925921
89.30503221910942
70.41444809887287
116.30005349657188
87.5752915720501
191.6262692830768
133.82585551605848
113.71151810796198
80.71500264671238
170.48222335417006
189.83966739054324
77.64030175761161
76.84263230538147
142.375274118922
