2595.2131668881466
3192.80303834575
2496.2255492824006
2600.536107463373
2565.494810891847
4024.206996335857
3515.4240626597493
3193.7132474014506
4058.3380525429675
3419.9606078108854
3448.203701186121
3631.239105543469
3009.178745621559
2653.4317951498815
3665.4623012649263
4229.921048012109
2191.3385194747443
2681.7348265348865
3869.6717239614973
2493.207320239986
3184.810219660483
3671.260312992299
3613.606296515778
2639.2369397738585
3370.0143181486237
3751.8118386527167
2997.04194375746
3591.043473759495
3657.162989965431
2879.5197186358364
