1497.9200117584714
1425.4145842482467
1511.853553954039
1789.5685732957681
1577.6341382984083
1137.3722458358934
1596.1519339041952
1584.6124516614982
1546.5414730617176
1223.2807394045049
1496.1583113196048
1412.8457634332644
1328.7544816690533
1520.362917212582
1218.191957312778
1575.2040653097574
1455.7900604578717
1533.872765496888
1571.4107776698038
1567.915164324464
1545.4413856976662
1345.3588766308712
1192.698239718342
1186.4555836245472
1693.3849636323594
1562.1650835304135
1431.6966197742295
1181.9905689584302
1228.5204076321352
1434.2678405501974
