1870.4108623852362
1311.87391244823
1595.325054399771
1493.7147410134003
1850.8388509387642
1361.0709995333636
1953.5658283455723
1771.9991196071815
1423.859790590247
1401.2599515201891
1976.4034273545858
1280.56324508947
1592.9939426438805
1467.767732804672
1758.6164851066396
2012.0202915790924
1393.2809650128056
1625.9365268251058
1520.7202948421536
1638.8128448466086
1885.6641468393482
1709.346864571804
1854.439303040458
1737.331896791
1685.7259949747759
1562.9490974927194
1696.4747989728858
1836.4425444423996
1976.1531568246946
1802.7951168867494
