656.5301953702192
721.1018584881899
950.0176137658873
843.7375361222175
867.6280909882648
857.0156850230271
913.0963035071281
868.3104588782242
659.9755511312223
571.0208897383932
584.4322582554935
848.5107206771136
767.9642965142975
746.5215664555712
637.480965989831
878.7986713047039
515.7100409703373
946.1349887091428
777.3618525831002
1098.302938003424
667.9956114826082
578.3523400281329
910.8223143194205
776.9781796025077
845.4747106464552
693.8152660423798
809.4421029251989
652.2458320935255
927.4362671309682
1061.5149273404668
