1108.7085094904091
1111.0944354296894
737.894079339886
556.5319284349885
753.5691916113592
808.5074624719505
769.0292183761708
759.5751745471894
822.212411982789
781.033577673667
1187.7132112404324
1029.9615118863694
914.3391396033007
929.2094212491052
957.0442121353481
969.4055400323323
959.3195044901672
990.9283718948932
913.8387563310985
802.6211246705734
1234.7278431678428
877.7935191494162
986.1575278362993
1008.4133828945605
816.4736999823444
663.6311748847561
1053.9945542996365
685.4505723398211
885.4203913172055
913.4898554270007
