464.3842424043205
376.9430636122711
349.7135113552108
351.26954694428423
493.98469976187744
442.99566308952626
348.26262427022493
377.23524155604855
446.22602112700497
331.38677228089864
370.87061224804893
346.7378883320994
471.5493562109018
380.4567106886093
324.22052004968873
338.6708665243109
373.7406310027759
418.82045535699626
358.8664776058822
331.0944059258145
278.6428314397067
560.6498844304961
401.2873976632118
416.34944624052605
381.9241974838242
374.75009676666104
482.1924211401865
356.1399661106252
374.8005782870191
449.76741783945
