358.38197827795284
500.1119929168135
567.3205244622768
528.0503536203805
490.73416389337035
378.5752213644546
454.991656431549
394.5698431751857
473.9093073418708
376.08028833031176
521.6285739769573
530.9244231843777
519.0230280135183
444.04622934247527
364.32307113200704
480.8043579092191
397.4861946332662
556.2366213989662
669.1763084731065
380.36417008887383
702.5037891118941
547.6368478885911
422.871928119383
456.70769278700527
403.9225756745691
370.62323026620015
515.7853179693116
467.0453549011727
440.9941190631289
387.2619182119465
