928.7377420696057
906.2239475815086
893.5979310849061
1077.299937278145
980.5288423484362
1019.3785601794943
986.5403389436606
880.1675873207787
1218.4298314787784
967.9168758263768
962.5982668387351
1158.8576103341065
1016.4714142168514
1192.9355752654237
904.7658413054187
955.5402355426113
923.9118838064223
1150.6284935179956
1000.3862059969151
1049.4397101474315
1143.1631511440937
875.5852689030571
1168.6497283639792
1116.8604768858022
1089.53654200038
880.9153223570611
1021.4880354795396
941.8551167953601
967.6604099267106
1193.928136028043
