1726.0553755540204
1858.6467447436116
1793.5513054374715
1947.2743007436457
1662.017595872183
1952.1334841324206
1722.9234577712177
1693.2507496999224
2010.4750254179035
1598.5432935671088
1869.5560794942066
2035.5688551376697
2039.338973461432
1615.204473744734
1573.429766661984
1710.5002004989892
2170.9260410347106
1686.5677295381884
1789.5402070496912
1846.3355125345697
1502.2345033935944
1835.9743149068436
1590.1751659905622
2028.850782853795
1874.318933872417
1865.4631226575457
1843.3588827362855
1606.1726294928012
1900.4059179842225
1579.6993741897004
