1190.7545443458575
1459.943549898986
1173.653710695242
1230.3985952350185
1258.8968739574675
1130.896585385297
1055.0341116351028
1487.822057160207
1056.7602225011733
1086.4199415307558
1161.6053951704616
1196.1547124127019
1165.4199660793283
1352.5912443115913
1456.020138230273
1664.722372871458
1073.7531421117665
1093.9743399928448
1575.704442701459
1427.09910799914
1186.44533775332
1247.849234478259
1053.5033844148402
1571.9529338180082
1197.3840750614836
1243.7376875121563
1263.078668635002
883.4722583819448
1053.5486749257389
1451.6845973072777
