513.4045119706443
397.8509179196294
518.9250354401693
546.6999278717371
406.0553705088846
304.54378800081577
408.94958276610714
358.7038596239472
542.9325955736131
465.01848091064494
410.1318694017273
423.2668266774813
552.3134480578401
470.69275259992037
344.61404499739047
404.49082637742504
505.13919129426995
462.71619673842997
479.6760289491144
464.3405498112452
438.52326088249356
548.5672602576183
479.2930989870283
452.9820575303429
446.218653711549
473.55094943649465
551.6575167102369
476.67248046991017
455.63571574881416
533.7468293466568
