302.21053922485567
562.6489352588228
613.8806288880569
667.4384134347815
548.4253307885369
422.55893831275307
634.2853327029809
592.6283084148126
428.63777672596143
463.44739087738753
392.0105086389492
545.1702165133788
390.1457543526135
613.6220647353548
582.2408717088142
468.0969041007206
593.4636145992727
544.5737072010984
617.2344494470331
623.057820413233
487.9232712385692
608.9291743672936
610.8455790568287
451.0798633298605
387.18868862241584
575.0179695518782
684.1489070666096
503.38442995598825
575.0805269608743
551.3395801028998
