1442.0599042858194
1873.111329772375
1858.7407305963861
1814.998800959751
1536.3266507424105
1313.347805682808
1419.0632997251432
1461.2719286902739
1629.8483035291101
1339.2387510685658
1639.457258579292
1443.013858643395
1428.4437536434907
1292.5761970943968
1431.2738437523076
1379.1790852742142
1631.659668278904
1381.74759802888
1476.4691415269917
1562.7295252236308
1575.4149050249343
1568.1641054083902
1270.2937575255437
1207.4768905901929
1407.0936009482084
1726.2380763504698
1296.39190014604
1521.824498383865
1158.2455558703696
1699.5819650384547
