1073.0320768008905
1170.4375301039845
1478.4061264847269
1321.6051759682332
1519.1273444333765
1695.2130073088438
1554.596559235506
1650.6122002181755
1195.557580067616
1642.054250447085
1265.650989926664
1007.5302052513771
1379.182720018206
1176.1151010233752
1205.93669228617
1273.4722954518938
1342.6924022116445
1599.3665078939484
1387.5099206634877
1155.564606458016
1084.9959493683618
1284.9040895325415
1588.1184561257596
1275.2244341616934
1448.1466303265124
1432.562530374761
1412.020178935859
1360.6561046881898
1446.0693058407687
1440.964552976925
