593.0565232141836
756.3373010332672
629.369229342701
769.9665673557738
632.4167552276957
924.937239345271
637.8758999128336
670.6406840982003
659.3997162292588
712.538515729676
649.5662018835901
739.9100672093604
899.5078406582656
658.4516091634268
649.5398260705535
752.9112326413648
687.8266972622215
646.443836668265
716.9300560216344
815.4097657902045
612.0746777763968
700.5158805609622
726.7808711931289
674.9797253432369
807.8405803808
742.080123615875
732.1661768986945
725.5148114913263
937.910682122937
720.4854849995656
