1149.0880908233555
1104.111549045094
919.6909477126467
1024.3907581324274
1065.5465697921886
1171.3489787966644
1202.5725479978278
1254.2504855282411
947.5297148388042
1355.0063537604588
1193.2889912298017
913.7709193081256
997.1813115750502
1169.3596989715975
896.8293245789858
1072.6897061306313
1149.2386071451936
869.2860345985458
1123.6979585373151
999.6136631118577
1162.8201659536674
939.6079925198869
1016.4117570389569
1048.388053796973
1021.7220559559415
996.6755334451994
1146.5994692547815
1083.3479283511983
1125.1587423139013
997.4208716688265
