1641.4345033330928
1556.7529126209577
1439.7276377134672
1680.8070801530803
1650.886037105469
1479.964444436126
1399.7321328999376
1429.5417406508454
1577.8814770725978
1597.2242285079994
1707.0770382459623
1718.2947562782495
1519.1350517595267
1188.1294147082542
1404.3525504220227
1465.7568531327172
1395.4184698686354
1513.2679456492974
1424.2839212262431
1494.3503616695878
1416.3403280305747
1416.2116928696967
1547.195989289899
1354.1232361292239
1566.000179387483
1358.0032398280175
1438.5020785479194
1517.3594226397267
1573.9976482836296
1491.8314085421798
