3894.48750581503
3203.115009498435
4249.157065287003
4259.562307455355
3932.4899539206795
3917.430679972164
3631.9134310374943
3870.374655573385
3726.9064079576337
3396.601440273801
3789.852238262235
4282.064260154977
3934.4754464968637
4576.5897176043045
3763.255980667644
3680.2730614761176
3751.5702508135814
3635.08702889503
3875.75226951549
4062.954206273716
4050.2912416147005
3843.972798352343
3993.493115188337
3995.8639452948228
4202.364475967352
4137.392181666953
4476.062618893576
4189.605780166492
3506.6017932654718
3607.2749261444956
