1673.7760713441926
2110.9072688160913
1710.334502477873
1647.312672952035
1714.2421148540461
2016.4741897213573
1710.2926557853013
1847.848469214579
1895.614126540749
2030.079314177196
1827.4107024907864
1634.0763812195587
1693.2964685391928
1646.32272203239
2084.701129155268
1997.0710808214476
1664.1955224076728
2041.5369685107305
1876.531624928967
2032.388819255727
1582.1280892231257
1816.3087760789506
1796.6576414855367
1842.8954981288991
2054.257360107018
1873.9605766394661
1670.319820370178
1549.2018979690756
1983.6394383480904
1747.4082091019523
