296.3265454803678
287.7069688918213
333.9574944011508
416.9467528573608
328.5212731406033
234.49155947073854
357.53261307282816
379.22998285334984
291.3933593978149
378.3391359666648
318.729072425359
237.69175771773217
323.26204695336247
369.9881611679254
422.1923499724987
497.45371437580036
329.47049140580253
279.11343396051427
353.84552374203383
386.41944680282757
355.63221541100575
432.80599114235747
236.2246183333751
394.2823828891419
362.8793384725257
447.82950626219264
326.39690506742363
340.58680630414045
285.8547162698382
457.47339743184614
