5958.8636286161645
6077.708641413783
6233.1994767455235
5767.898981296027
5760.1111043144765
6342.06626629535
5488.060054529054
6346.787546616097
5786.834290519754
6085.598919747231
5925.492431369802
5575.506005568138
6597.754214159218
5815.923237601761
5954.169450184526
6099.018087742827
6254.846726176099
6416.261660099868
6164.723295094941
5823.321357377878
6396.913042833905
5506.094617291507
5834.676015389066
6370.372193950644
5684.435377378351
5549.581894189532
5989.300730153816
5901.385182200784
5892.6412126736805
6005.656446522382
