5531.052640576238
4656.728397727836
5321.095895701158
5196.964413986518
4782.295762122391
4796.660565405134
5013.1491637069075
4831.15292855909
4908.794512581669
5286.9922756318265
5254.541462680646
4825.237139413021
5176.154987382324
5169.600985096363
5241.698726478706
4965.493005945064
5129.056156257936
5150.103088664642
4885.331254257495
4901.574824215164
5076.928188933748
4792.558654148408
4807.810205427568
4968.882936558824
4534.331731300451
5047.280937604663
4717.754634479196
5126.435797588585
5242.03507207533
5372.319071536147
