3090.268380751218
2945.000904262857
2648.6998765098897
2763.1788996491086
3088.6212284349626
2683.9474202646466
2887.1576067393917
3179.575082987515
3011.1445348707125
2555.4798073976517
3130.683110506835
2824.8985580147178
2795.1755498526354
3149.13918355336
2611.1423374887668
3092.8421793577145
2731.746399515587
2984.250977512352
3013.080393524298
2631.4121661886907
2907.8490348143614
2821.406987976892
3011.204803708214
2855.8689460975634
2692.387154816845
2989.3718171743058
2719.591327466609
2718.567888048548
2456.135133886903
2594.6215627115866
