256.17457693384847
260.90123333955034
261.60589332240204
368.9782911974231
284.20444365473077
178.93921111253815
328.96601255759106
251.5907826468175
268.99847032954176
269.711833909283
280.70864103610324
232.06077741627684
290.2019132423519
352.85930519114595
406.7395145004532
452.12932841168526
301.33645622543315
228.14593588215428
322.41259371648835
346.2864666560803
261.27285929750417
294.93386978814533
145.1573559150827
369.5273756862596
308.55682113875775
427.7073823961632
296.65886417397235
263.3832606322155
233.51979429350536
272.78177714541425
