1200.6567245095944
1812.1514113757703
1308.5354178331772
1106.6597224307206
1374.5969409250474
1578.8443159370013
1437.5209846825455
1592.850665323082
1260.5136239513831
1783.2378845547605
1457.2862154882323
1322.9177651190375
1406.8110841743433
1161.1108964237628
1725.9571467526675
1604.1926792093905
1445.4892914490883
1660.9983661053457
1612.068417124181
1687.264851800864
1079.5988411612493
1357.3519379471531
1419.1793423795725
1565.1006982995227
1766.7427784748138
1396.0464631595205
1389.2381432487114
1283.0768817902335
1785.2600832577796
1548.5173352374604
