2570.056910131263
2310.804316433374
2230.444998807897
2084.219671954671
1977.6334161485875
2113.140639280118
1864.3455811961057
2579.5177639816293
2232.661222200768
2013.9580382896438
2391.680188699672
1856.187403013114
2524.3592656390174
2597.187175634628
1747.538558694937
2345.7113385096554
2057.039154225309
2141.800154198102
2194.9782112706644
2114.642981152583
2207.8670647207628
2095.2251739251287
2273.1394464154046
2196.1946912268413
2215.44469825353
2362.061225596084
2154.3707905155497
2165.018709432923
1949.2554543433725
2161.700562872751
