1085.1923309154827
1328.8642065817085
1118.2395645866463
1092.5690832665118
1294.8130806193149
745.1473295421679
1121.2227775881738
1268.2750383971106
1451.1458964664102
1260.0079805627215
1592.0401882612791
1211.2113002278288
1153.2014357199596
840.8020137100038
1125.9644282193553
1164.5948277473203
1114.0514221940498
1261.9986291675073
1203.1258952975304
1313.79054583495
1171.9713506278295
1056.2075602535228
1428.724242436042
941.5194286777032
1141.485729009044
1242.9208718625491
1156.9987078144918
1220.620855928296
1355.6996507399845
1173.298646730837
