3998.011904494022
4242.953216563012
4500.944314851151
3916.0726392549077
4116.9152302597995
5014.04511549909
3996.9555494556644
4752.7447925138695
3821.5676653740793
3963.6152988247395
3421.579874166
4219.618792043531
4318.7228604052325
4007.7788237156947
4837.172901814094
3499.4979194753414
4158.457390668105
3741.9406333527477
4168.736225933502
4338.018235686535
5044.099894034616
4307.876051001022
4382.655547733544
4676.6135959231815
4218.277662216637
4035.3590951681745
4556.379692183093
4481.0997821070105
3793.1279955776135
4184.175679837097
