3500.2728568448056
3778.199534763641
4236.823199530096
3814.04960237267
3864.4559691343457
3407.031032978337
4149.368102792616
3400.000250985535
3654.126044254823
4033.77343653927
3708.3363099306225
3860.5365864957093
3949.5188073664413
3282.1289643573255
4015.622906427796
3838.404449763342
4153.02549018223
4020.8405529913907
3940.062038504244
3153.6416587583644
3811.5273375064717
3835.6270191843487
3372.029436148383
4128.636891458895
3483.462137916036
3549.239237206064
3594.3805401533173
3443.024055433538
3974.4508242040156
4042.455440352551
