1002.3864310419999
826.3184946476554
744.7917536728387
945.1276656412635
967.512804519208
953.5163974622319
830.7806280935865
1118.2737930285152
818.3573657335846
1195.7676404375857
865.9775846869761
732.6213240295704
860.5708533969355
1065.9098300867067
710.5866013991865
900.9662422532886
716.9961066827605
738.2639316943616
974.4682586144841
795.3960795963853
881.1000346811174
727.1793143352952
707.1590159959364
907.7649475370067
788.0359771721824
815.719756705108
943.4669687386577
923.6770938236123
818.9277035432247
752.5179243235971
