2963.2763532002564
2499.79068024921
3282.426173539033
3553.882257461717
3242.743903054886
3175.1462762108076
3025.9594647446656
3366.572110376187
3298.558434466824
2371.869058122591
2994.6264512123116
3621.475773578535
3472.845275047119
3420.6995284317964
2806.8862008957612
2807.098090593642
2684.4729543301337
2823.1896624902965
3159.7801878717637
2743.9478900493787
3331.629514508294
2440.3783887485024
3062.7787113838176
2168.3213256794706
3090.252231721848
3101.607087374293
3384.891962914229
3328.3949991839318
2557.019406695331
2721.1832267138516
