503.13129482534964
617.6249342829833
520.2798917037253
572.9380239869947
508.7956844673365
875.547908505913
529.7869252126613
589.143831303817
534.8214264620599
658.7132929679251
519.8892770636335
618.306576577872
620.2899902123052
484.4661790649925
507.1288857625534
658.2146046856726
618.4288647870208
550.3026262944306
643.9220949817586
679.115649279014
533.3460736210459
528.665247076153
605.902907533243
573.7143317821165
661.9918908432746
671.0654384712923
654.6087375483621
683.5772385842645
890.5051929295284
337.50668098524034
