1365.3843167009788
1523.6725724858843
1311.606040027149
1363.6122253044755
1404.8641289451964
1472.4522041899843
1526.5561938611274
1341.6169996663311
1447.5085692348928
1410.7097821108077
1405.4762981949348
1475.0124541689129
1422.6431348851208
1542.9856280673348
1463.121538467027
1223.7686175300698
1310.4526827684394
1494.6794495130864
1355.1064471563927
1288.714869680505
1351.981439745729
1432.0503228468208
1487.9049621951046
1511.5399803577884
1419.1330318724658
1362.2167038433488
1338.8503727280913
1084.7920882447286
1364.6704291154153
1553.1564224381261
