5324.002824721994
5093.441862351721
4965.48925180097
5553.824651224343
5341.044647301301
5323.330884332918
5601.931217128734
5087.000225863686
5014.346374551926
4620.632462155618
5357.576373645151
5060.69891562953
4963.165644780536
5370.269591537615
4975.101710129234
5110.955938621973
5221.015772005823
5540.869223682351
5584.398932332658
5258.594516923718
4897.8338763311485
5093.180317289974
4987.242447060232
5440.143793792953
5027.14868000953
5423.491715852371
4966.957396839734
5143.75686090126
4938.248625299289
5132.050213224315
