3623.3996268390188
3669.1438941117785
3542.698184919821
3393.504699596293
3219.054620804899
3513.9004685319755
3662.262349496421
3604.2279080074463
3525.546012691835
3671.0142302017007
3651.459964905299
3274.315502383438
3567.7866458932654
3588.615173191136
3443.4350573881948
3653.722427847784
3454.3392294014448
3555.6706977516633
3709.356581174965
3547.6160334234587
3406.166412518142
3660.735604709304
3487.1683346459295
3595.1260810294684
3555.3807270940156
3590.7020929873943
3410.339099713596
2918.094692935634
3463.994604869839
3479.5497519138644
