759.5079213019379
578.3871515898345
604.2385637813612
886.0136081339202
840.1652258733388
913.498157594444
838.9880765190183
714.5694016228373
564.8918928537537
556.0460002776362
743.2569567213457
421.54760974043035
649.3700252470516
635.2058179456519
657.1352555150199
875.3750885550123
657.7851438488627
588.3436788549101
648.5914619629859
662.0446066786557
761.576186855426
759.7665589161466
732.222463036215
713.8648511345243
768.1855094724302
799.472361121801
598.0035766011493
748.2104332242068
759.808882480779
861.8998869916691
