9481.540116373666
7983.077635342314
9607.1419271384
8452.815631397167
8464.057037665043
8468.287107228081
8309.867682284641
8886.205525281528
8889.216581414992
8859.884385303523
8768.647730818331
8889.351299773098
8299.4939439245
9024.509096210139
8608.81128803544
8801.34366368233
8158.360409195779
8631.178753170785
8351.634763461729
8792.977475196209
9218.935609580076
8758.69103919406
8270.494054096896
8601.653913733795
8887.639834928703
8498.026231616277
8572.016974823855
8771.282854680981
9262.846462220068
8939.749410204004
