2923.597818402808
2827.235121432558
2688.7826567892744
2859.973028981213
2808.5837999144496
2903.437415355664
2769.4012669954654
2932.3876314281333
2684.3537666366515
2638.3018071630254
2593.2788240854575
3109.376808850598
2742.73268005356
2490.528255796272
3235.990309492329
2843.3905192775405
2773.045472703812
2866.316714199324
2640.6106663159126
2514.3787053524516
2932.117117023905
2719.367123059889
2547.714835830656
3079.791315194997
2834.2725502463436
2560.879433757266
2965.3777762610703
2784.578323262641
2811.3367307260296
2709.5536073192493
