7058.86354379059
6366.730132187705
7429.950527425056
7040.935018661601
7452.463422700793
6987.294563111291
6817.775481275749
6685.451009388879
7060.673002367832
6752.209766905022
6746.855421677562
6909.039293021455
7020.435232374701
7329.571117302679
6861.438039599215
7117.099863681416
6603.302501266456
6982.083266365598
6760.380355447987
7159.6421304620535
7135.436493648095
6797.0603145048935
7047.148802516172
6631.284822507457
7097.608329957433
6976.425703044143
7229.819169611637
7391.256104794548
7165.198505966405
6696.712252813332
