2439.8248926558413
2179.8353154426745
2029.0376262901887
1897.2215178028098
1969.0833542944722
1894.586200418771
2156.976215499638
2228.4552863066424
1813.509816914554
2239.8958832203684
2117.280598784828
1963.53968991228
1908.7113769754415
2206.6064628923364
2004.074709072661
2037.9274258179096
2159.5163418462694
1876.9687153913922
2165.0786858319257
2102.8548575071823
2308.7241960361985
2083.392128659714
2230.358871552881
2074.092059210548
2155.8556300095343
2107.1948490366376
2031.0777758913555
2140.692797781722
2265.902481382022
2067.353735107731
