10374.60016492207
10903.6016879883
10497.2509743196
10429.159818572512
10905.69101149732
10100.28813089643
10370.461592410642
11287.430998727068
10128.423732968686
10251.62982547179
10263.812929144307
9960.577787259126
10359.293723252613
10204.674515520748
10427.014485104231
11153.080787918212
10439.662061730169
11099.773185891001
10631.51645944241
10859.59881791875
10259.50556448841
10184.330031309513
10844.259780258997
10968.71894875053
10101.16677819234
10656.552426263564
10431.42612142184
10416.706438508894
10683.103966655182
10859.201026309956
