107.8781069907454
108.6521177476657
105.85144354419094
137.7663570825392
126.43365301756371
96.21367180929123
121.75737396615905
76.6444322900151
91.95054602581267
92.27239759954678
99.12687368800229
104.31395809756727
106.72160139649985
84.05822122834162
95.90735730626503
147.05764016437845
92.92916609314473
108.79048374798592
147.17160435731498
95.60216526972282
114.13192739426465
97.02284702765465
104.33781369821114
113.50392542186702
121.73730800950231
80.91876180737175
175.58502791860673
117.75434980742672
104.8598203780915
84.72698378529932
