118.76424482813499
145.3649197449522
121.55269644279716
146.42026274272106
123.0659722200127
105.13875342565747
131.2211134451269
108.30733198572081
154.26933963356862
112.01495747210086
122.61973610748406
115.99013501775468
138.6546707787375
126.2395085050124
125.8734299644175
120.01004761864188
142.37586183898455
138.23874135811116
130.3773041305908
119.96395641063985
123.69661164590984
135.24211201624536
128.81612044290864
111.87642686415717
98.35457177622443
128.43824380731647
123.15192352755093
130.075379690585
125.59990589089718
120.57536757478428
