85.12069703102645
83.79964308880179
82.89217297855645
74.98507299592468
95.14697339010606
76.58767560620086
112.74398516619274
111.04617591033437
99.2708743696169
127.96033109736821
75.68456198988162
104.23992066057035
113.37889673288942
122.87044168402151
80.49089739208901
81.46846003009234
89.66416302694529
104.42368999813961
103.8365978672974
73.26354157924645
89.84938348276425
85.8128272067903
96.55375334776299
91.53927130316715
90.86882798302753
94.05149830175912
83.0439266876282
89.74531180524522
80.86129239268188
80.74693967469747
