181.5950528629431
142.65827965201603
206.54088855971355
136.15983036959815
178.5003278338047
136.8543518656206
175.57090017947303
165.46067316811926
207.54374191522555
187.93507498264137
138.26965052899365
159.32179552699242
159.31096488420232
154.25984946675965
120.80685674039754
182.8298736573804
159.04896715825524
180.2879496549621
137.38156280265534
130.0126791513822
143.24811131121314
111.34604840744672
119.53946998667564
224.93315732575857
147.3044391535835
151.30626658392802
141.96771683372415
187.78926102392464
183.69803286196947
141.0207522412519
