275.49553188078147
269.43415617076204
267.4287729658056
197.73861531279732
273.35809382777734
252.5911448769036
223.46828396748
336.46656196580494
296.8692380287061
255.13899574822915
234.5732351136401
257.083661844488
283.32797166066274
221.25342683929603
328.7650182584621
235.298738240962
255.44267013276837
294.43427375718977
290.5576326683092
271.8476296996996
289.3097335027666
245.8576295553353
246.24785842337448
266.434496240618
307.13659920384544
261.7320015319522
321.38258985301303
252.36082252875397
315.65521658357557
245.3882085404973
