78.32397818639241
93.07781935998092
73.91074710449199
88.85685790376345
104.20773546938487
81.72665756001234
92.4615020459815
90.25246166999044
86.81700248676259
81.34277569324125
87.0426580506782
79.5404849654858
61.302832584308604
74.4442235931767
91.4477187162283
90.01120929836472
87.1950194135295
77.72964372748844
74.41501969395206
76.1916133536179
85.70453773082593
67.62718293221558
82.66501740974812
74.73187533347136
88.85045358965338
84.21562599925817
83.51098983111832
79.98861804527888
96.28423926278784
88.06148105799784
