27.9634330987471
31.00418331411645
36.06138655292489
55.70167552770902
55.604577684740384
30.563198748663417
58.42955906556042
24.814057534553847
41.89828875095123
34.27649148137441
36.003176163781866
58.98682919651661
42.18198035052725
50.57804443087846
26.4525435168352
35.66488908262454
43.77260176010056
43.209722064200314
46.58339720705927
57.985282470056816
52.67905027087845
31.666664500806878
29.98724964388557
52.28258513306289
32.705926507585495
74.81847449440215
35.44225200632881
46.15860839625943
52.923120648377505
33.8833313156206
