51.22981104982298
49.294803018418754
21.161628526721206
43.09532884436966
46.86733392654354
32.287640815067526
27.42734790801905
26.64735648783512
34.488261168769974
24.204313699886125
44.29962215025583
43.300384164970424
28.999490969609838
32.122134111945655
33.94027665382095
27.391446485950148
30.384943116657386
33.74305509913367
48.0224574044525
49.20185978105633
25.39231376134262
38.845265481990566
39.789415266202305
31.385683127722427
45.266110442499865
41.31812889345392
45.24729037833523
30.895300516355192
38.05917547728858
27.82768378164044
