100.65157229598648
94.69195496214877
102.20442383730416
99.54759391598185
142.70941692523567
77.47382252163924
108.46220795639945
95.01708545211059
133.60999059324854
85.83033070649978
95.07974254659263
81.27796321772165
99.05754562830653
123.4836421811141
98.73612752925939
86.67521335830561
105.94586797158587
105.90676424773429
101.51397492994366
146.5021527260265
72.1327108610561
95.6468716365107
73.03442549485773
104.88297827128616
75.71322072540202
155.0855955813802
125.59146098954362
116.4096221557008
115.44966800097446
101.16462726268946
