32.05181270102488
27.726538238925734
27.773783424623524
30.529043679989147
26.393928972400236
26.166313085915906
29.630008559423008
27.550894566152973
27.758229903082086
35.69828377080468
28.380003851123693
24.721326858563895
32.36906164242279
30.11479546250351
32.45945372319747
27.154742966493615
35.40068570036469
26.507503446637518
37.42336004959765
34.618552593175444
27.62641156055862
31.75515853947596
28.612282985816265
28.30394505027251
27.103707193165857
41.815842730199506
41.86267855551408
36.913499016941074
37.40834230893531
28.385762163158184
