183.076323641824
219.09646686003228
203.03636485612256
189.9961967124528
224.9507809054194
175.05027275333595
310.58206876109455
248.9509739632879
193.59360683626866
189.86376874917102
221.4929665445673
176.1829780411886
265.73416130548907
184.01824246901208
168.04882974480822
233.6045219473493
180.74227207651063
215.08719279759273
226.36597662716525
200.412085100325
239.78504190228875
190.37476388421533
265.36774983207124
197.89952679711578
229.4957253725416
155.58236699660614
228.46944764057756
191.34819886096375
183.9342972376601
241.01303408026914
