13.151290094669948
11.177921781091914
23.216691001660568
16.521415235322113
12.819082427134255
13.118768138361768
26.164134313681064
18.115547569444942
18.633602718993735
11.64245273854287
29.22612609325792
36.818004494562175
18.547204399402634
17.239488591639862
12.139571521995805
25.358499970070493
24.849019307497617
16.503514882442882
16.11390018821247
17.869105510491046
10.385206830544503
16.991713314288955
36.510784565464434
16.208050333748226
11.1666250739148
15.307652695487134
12.200395800339992
13.353491056868803
20.675764820926936
15.152403561046329
