19.306036741492207
13.535652459000982
36.01489426997886
34.346011856629495
37.3585848525329
17.559848484309235
23.790541469787343
16.974658006299364
10.083773910285387
15.021960757367461
20.01004909988422
14.171919192649993
37.16952103110594
17.741283149725458
24.97232838469708
15.375684755309248
16.103196142716808
12.599475420037672
20.849281929800966
21.968232961761064
12.4671483314472
10.085577892554808
10.155900239549789
9.377246896131712
20.681954117321293
17.075062996958128
12.108099574284289
20.226957123281103
14.296451586208557
14.496207108493795
