15.235282861766217
22.596246493558404
15.17212372822453
14.191258254428176
19.496201697304947
13.609648542795258
29.508104116414493
15.076270739653785
17.1184305835589
12.105363559973995
16.8429288312018
26.446425991029088
14.978545920944574
26.75582901237853
15.584680533889786
28.340590981908154
17.61189763053911
14.311254778407955
20.994299326840068
18.039759577305446
40.16457286488383
15.980069861335995
45.87272107896982
14.605531974324679
14.367928083242878
14.926173670783433
17.03269737825402
27.29599569683326
8.873018536156756
12.578020762207487
