86.07213129638077
66.78620796369508
72.08574134293215
77.48761421334433
75.1028434439266
69.10468891826349
80.28791303460163
70.89389192441296
52.654694986855965
64.73834584636742
53.92050016840275
57.53420609480368
59.44530658373077
82.13514405436068
79.16875361995149
95.21843760896651
78.77645970229145
125.3644077524361
80.06799547722247
78.65198029355736
71.61987079133401
71.62940696392006
73.05254329185463
69.22130963791543
77.1291154735394
76.86223371268255
103.34583469609416
62.46512272024197
78.8913594558339
56.85704620311697
