31.02343973604989
49.79825743028888
30.485233400580316
29.756694890739087
37.35026052702407
44.70558751319963
27.752058892191837
53.69802255244174
29.147077306329813
28.92340562978562
39.653440767547714
40.314075898679036
63.859246166741876
35.11835448572022
31.43650386980715
29.60118056197126
41.803831085893776
26.10426577641443
26.406132379925342
40.89002538080238
31.840317854167868
55.392289723549396
38.65772982241203
26.333567485419902
30.485313616263024
38.161764572008146
29.143673971345166
25.36734916602344
69.53093315934471
46.37516638825902
