46.71087353537691
38.47825481244116
43.961848343596934
46.61870966365519
63.28033631755431
48.864843223802204
49.682946163781125
63.59102642575187
47.8577714998469
60.45053560144131
55.18402186568386
44.51601231056763
45.985121304938794
59.626905530859084
51.48544775659096
49.20060977917556
41.58282265725628
58.30380017237662
63.9861093124374
48.53865009874967
45.80155992429798
43.63441017820742
40.555693612755896
34.99671611576574
58.153739857976674
44.481868515676176
42.14922953134336
45.506462521746236
44.192223156292414
46.92375136715156
