31.0799417056089
43.67378757059084
20.801989404754863
27.82610689926557
28.79701458114539
35.17557431815937
48.88583062174176
34.17903191771968
39.29788417865673
21.210950456572053
28.500420184817987
26.57373134842389
34.10337015396182
43.61888460490329
38.36380709152657
45.79852330557814
38.05506019569951
31.85017368775322
29.498826059082027
26.396080631809497
32.16172999285018
31.864095847058238
26.32796074124468
37.97878447300587
35.652143455564676
39.612182269816394
36.26200849105979
36.04102784225881
30.979289127962996
37.81695427008261
