129.98583706260567
49.0206845712993
46.60653127480418
64.86013255323502
94.08660807517623
78.7054264751288
44.33051410073735
48.55271755432015
55.96657246262211
46.22521502061582
59.62154169164247
64.03717548852309
43.83494862666377
45.1249757360393
46.9941167687872
54.368590419244846
45.322074323239256
72.26375021545775
49.90009262830348
65.32896248962462
60.803328036130054
46.98717528070476
63.28480285964075
39.32732491398919
72.85746422279654
66.00466964936744
55.25903034199959
80.47312165251789
87.66376467683598
59.5080370121209
