87.43168630278808
72.33427396634612
87.75443060201607
84.65333475929418
76.31033689693288
77.98851464393549
85.25492568303552
73.71066708843652
90.7638455846314
89.018995747187
94.9966688249748
99.68324136251601
85.65523619087364
73.06026401599664
84.97954993876017
89.62386963274825
94.73883783269602
78.95673306572328
87.78085324054172
84.34854022732385
77.2517040549526
101.67388351638299
99.63911670738501
90.4402067218207
96.29027973768062
84.7425472402669
108.02569374395377
61.894317565469
74.44564181315981
78.86951941736628
