315.5457659332979
291.1479726634778
306.2183243978938
307.30217924571457
223.96350426330673
277.53079018789896
314.45153963947894
281.4788616363939
267.47894926084444
368.16047186675314
442.1714866554999
313.0106737745118
273.1003787028416
381.3858596637317
365.00812336561927
287.6787270366553
353.55519100609814
331.92019043835177
360.95730519991923
368.5620617214214
294.74416861369315
297.0744240899662
308.51766793473877
314.6123438780045
291.6655659285526
308.43609706319546
355.9682206083166
319.50477077550903
385.7483422160277
353.49973764110734
