41.122728955188514
54.58668158469891
36.54391092053077
41.304924215255184
57.530967684391
58.074084579259925
41.115179524718094
45.67111124495798
39.80092275566582
43.28353467617107
45.98850907430567
63.590388829269486
54.87925893574523
52.33766708261245
44.567106652466784
48.388157749117866
53.1943362515518
44.04697539821558
45.57671956948059
46.09661036812916
62.71287978105885
46.2367414465824
55.093012386346274
39.77486996170814
53.18964260264575
58.39768938409602
47.188963281624375
48.45277047552434
35.0245478792449
69.86263286298568
