78.47846491122702
84.61430367688293
73.60190088010168
60.96442159144505
61.482706119789945
66.01589525814674
76.90849927232662
69.64015928118936
64.56318451908703
67.44830971448751
83.66132384070278
80.63077217324792
61.20112818084979
67.35270899673904
67.35021710408515
82.81720674401194
54.82428318910739
88.33602890616496
90.67685859784577
70.13400343407254
100.77584413626866
81.53324833991486
65.97519272148114
53.16846397669142
129.39417911680297
83.39667864212804
70.0742340728063
75.8862503002099
62.16421501426849
66.97604626405675
