75.12995668882176
103.90469083055396
84.03182158034608
102.64405421119397
76.34539294958802
153.4178014967624
65.77929573526139
69.7963575337351
70.26572471178225
80.25058983101815
122.8556520798771
124.44367626191939
83.97089119478689
122.9247151939718
84.65338661674484
94.87142815756894
70.83876359376603
76.31091625422634
92.86425368192091
110.05955412062742
101.10881646176085
84.0626088188337
73.4701685861934
60.214350769273345
67.58616339173513
133.04148303502657
78.47452700423172
84.14147335696882
77.58624257383947
81.86543048708164
