12.646790213056496
13.043465955360302
13.456877118457982
14.119945696660958
12.705880198106136
13.890671621633087
17.601273433903877
20.9682831403987
19.43234318184197
14.329714183513929
8.769907337569103
12.387258494636383
14.565929176097832
14.73214562446222
14.482288684320455
11.553295598904558
15.922487211402782
11.460924270359321
14.705317193549362
16.500147707719965
16.048828916913045
18.581523518403987
15.915541479900348
16.346682346886958
13.779204798827717
13.204033213016748
17.344851470687033
16.54505298865147
17.440943040450158
19.137592720801415
