9.5251774418749
16.46825478591327
13.462646363583808
26.541126997124792
10.40969035255759
15.848196984409821
15.052861019745336
13.109849849602659
15.600217804430557
16.397865728199683
19.034581858764952
12.684951702213699
10.585098603806902
16.734367048740626
15.246334589987914
25.327046843123455
24.57349624816804
25.12264888572099
32.628255929133495
18.929506690821903
15.520094307572197
15.412070864709769
19.444668035148247
27.10632230614671
15.742431414343836
18.59977991630144
10.771925247767072
18.60550787616162
21.426051554439617
20.77018559473379
