61.49982396270691
53.399960047394565
51.34932840543191
44.34936408989008
55.53047781803669
38.870328449194844
50.29941053200551
55.87102102764513
49.69709815961465
71.06727575626405
104.9075986469049
51.923986890837114
80.52313609865911
64.45436808534791
41.452762560450296
41.84452218569198
62.09708116831462
45.39806641467568
52.29555347806069
53.11363772673495
68.27882978781388
48.32034558254425
62.8697873957291
57.26220766810813
107.66718596469507
64.3442742891952
65.11027705264273
70.763548187116
64.79976538318195
62.38525002628955
