48.65672403354193
60.20323910716597
43.660468374253554
45.785859011417315
74.67843221599838
51.9191154322499
72.00059564034704
61.43472872266703
52.03325007686416
75.13101137914336
80.67493745272213
92.48467743165374
59.794169969594996
51.88124338159636
50.23806867514783
57.93545923196636
64.89989190209467
56.42106843846707
47.97889630966345
40.8254507556033
62.49721347604147
39.938639256305144
70.23472693644305
53.981285096041105
62.66038150760486
40.04263672342983
62.6407501963969
53.14078036206266
69.36088859818547
44.03524500759908
