56.057307690583194
48.23347125046885
72.03671326634044
64.43155715555491
63.27862364457033
71.71714023054426
60.945104571917255
60.48602360710252
81.16104679794792
64.7105094189396
74.62206019637077
61.46921609844126
73.29488011136152
50.19731982013256
66.94999846658095
67.47899692240551
86.61680659639546
55.343479317269875
64.01986020685878
68.91914122741703
61.80944836071921
61.29202604956331
52.781300063094584
64.92222713589013
52.144466308702974
58.314115778770066
66.8057818818055
52.67237059309345
60.800017507586404
63.13748825940595
