66.29291175881707
68.92485013417605
77.87825201149825
66.86861691957876
55.294528818635186
77.77430295296139
75.38200729066205
74.17950917807056
79.19894537886906
53.90090968506624
56.064369912681165
74.17510460457994
47.301892176961886
71.37559488204857
58.17585202584603
77.85965264106312
71.2299886678299
72.95969791387608
57.976959223538614
60.24334492503403
82.10338199806503
68.69592167358883
56.83158543842515
69.33791137739153
73.84665590312946
71.45500958953134
63.00173680179199
59.09583949955109
64.96638040732901
47.63103710327242
