3683.048849377027
3370.9811934625936
3542.4881122970364
3334.671832191973
3367.0696216392835
3422.0921137492805
3591.555160896787
3569.3056440230234
3519.9409403582085
3653.6221434421927
3696.9810855110495
3730.1210005719977
3169.7110659891932
3288.1746254380414
3538.9711349512672
3377.971957226499
3420.9297695020896
3557.0418509868773
3898.607046443065
3316.7765352642873
3613.398227681933
3298.9550812056345
3376.5970285457897
3432.266766314588
3430.9191572952636
3518.8345519023965
3582.02572425351
3120.738573055701
2910.046674926088
3686.539462754412
