613.7059893114969
641.7753620437032
573.1595775852653
771.4849009346295
820.101058805557
719.8143957276191
744.5897752083537
795.221243689464
650.9714207892188
699.1796596404627
692.8389585487777
526.141604152251
717.993584676854
643.497736779589
673.4056614441705
731.5383442581935
730.1756177585288
783.4142697456532
568.4949561152793
705.0978691824569
832.6071218610622
755.3439228005265
735.7684798949225
655.6506196474417
635.2092392153572
660.2204284148003
897.0943899843411
595.9210871778504
831.4846551944886
582.2465378518095
