3401.104242939381
3117.801893993575
3918.8363883758707
3635.617966486133
3275.9201849984356
3687.1306392612496
3305.59536915226
3432.057189339687
3533.1876216378982
3229.2126453752066
3547.632153121031
3873.0332171236655
3622.9970548489177
3610.0997405583244
3590.006750545725
3345.661108382019
3247.5654618679296
3590.1577203578686
3544.280617533313
3295.744891916745
3559.986297914732
3032.816329521939
3297.2666796338935
3756.5275246734777
3672.979469724297
3683.31926890989
3499.7793387511265
3427.440981055324
3677.641360189581
3507.474239953679
