1853.4853078815001
1886.2902235684767
1979.3612681285538
2192.0182335924915
2297.5694722785133
2108.916151827646
1890.5627827142064
2017.0339504311369
2367.697309719685
2087.992823111011
2377.0682865461
2011.8210826182933
1847.346119715241
2193.7901395994572
2029.6121848112414
2151.2503896577373
1969.1948976457343
1920.4671911625217
2117.5055423850827
1783.4567783876948
2273.8742853460644
2134.8222257609705
2187.3860657079777
2158.5893317959603
2088.716578015891
2005.0426375817394
2241.968155591176
1957.5612815086304
1796.5057384316217
2159.454992723819
