1892.762832590657
2350.35361474846
2094.2536383674287
1874.0183532921792
1754.6053743513257
2008.5412251471041
2134.4943365877507
2062.2542542670653
1834.1172205410944
2212.6778225498356
1945.0270827363684
2183.3566497326797
1961.9692909269372
2020.6956919275633
2344.717411677368
2380.7961267321098
1969.9091793066382
2226.291266367949
2092.8824554435905
1983.1824656036597
2119.5111259975256
2147.6751308565895
2168.0410544551796
2033.0145832633077
2270.9260320484505
1946.3220531782897
2066.6636851558096
2355.4305797522084
2031.63146093479
2145.72094806115
