777.297402699129
841.2778095372051
547.2676073102803
807.644052068916
672.9087701302926
758.4833713797739
639.473870219011
573.4038307140844
690.9162870546619
804.4443767393011
624.8507553302592
876.0357573130442
687.5142884575729
644.9614872318612
578.727131277373
840.3187659982478
696.8536616586891
703.4794195785386
793.7633891046324
598.0508338161463
589.7918344469495
489.83691079259114
528.7014877716708
666.7989803360334
712.6427580001136
849.0167626407894
747.114904737498
488.6492714312154
705.9269649061591
679.8957953566854
