1872.8626088470369
1966.3461394491715
1901.8724250133823
1810.0791470793827
2056.371399149443
2164.338388102835
2275.5764706702994
1825.9183799802202
2158.06874126926
1940.645796440166
2193.629419870186
2230.215366014456
2055.075754019764
2259.025833158113
2250.0969748398347
2141.0159016371026
2133.0902127734353
2266.500129934298
2396.9964863465502
2399.004950782125
2105.1365730616612
2242.104498768237
2163.0469887717577
1866.2566329973993
2000.3159201156877
1995.6388617037346
1852.4191465226963
1914.984244958254
1892.5560039402208
1856.4173557889449
