5699.187607607717
5315.383903953713
4873.253710917413
5236.684185974296
5094.979839333622
5211.276682357128
5656.182053564716
5107.4997310810195
5521.899625887741
4939.3913518114
5526.461259717196
4988.732088936383
5319.004624169487
5331.54101887325
4998.448725891772
5329.024816294118
5347.919722099241
5112.980028431362
4638.629605298497
5075.648348846598
5303.208123732393
5324.025104494875
5418.487881219894
5518.620915403891
5307.742429679489
4816.676362161359
4902.377562952344
5069.829798897366
5723.075733694144
5446.238417112806
