6840.509495046598
6962.622213419184
7187.76153476046
7136.5015464443295
7125.342475514028
7018.820245773099
7321.615644764075
7260.663804714551
7837.263634458429
7109.18702918092
7022.788424380274
7225.114041077558
7486.011323996379
6970.238296296151
7079.572952899351
6664.922612095559
7388.433301567101
7115.599149630222
7307.371678426476
6692.26934536757
7118.4867361910365
6876.004066767904
7038.696441872517
7236.443415402783
6887.238130238709
7059.296890979585
6873.168436273927
7043.843341534351
7052.863345507741
7360.430883375319
