3646.916669604236
3844.607572214328
3224.21745370064
3681.224611515087
3522.7069582363642
3590.846686693323
3255.0286756517257
3772.5326193750852
3477.8188904472963
3490.4082213897295
3221.3550736445804
3808.3147512938976
3099.2043471331385
3604.457314569165
3247.8719042082867
3496.0532825951123
3856.449450970433
3673.980824275189
3386.2636842322463
3487.427237390965
3510.5246359114417
3268.5374562371303
3483.974220824387
3707.0624486898755
3402.5345789927173
3545.007648740018
3612.9565879722036
3501.2814578695093
3842.4682677442206
3756.3436285597745
