1505.4217342301088
1299.6033996251651
1662.3363833538342
1314.7320009051464
1427.4850299058708
1294.5455207509922
1496.790753265564
1535.697025430483
1387.0115860534715
1444.4245111136722
1273.240521693699
1514.0509437707326
1306.4055146746737
1382.4842750789564
1350.7694735083428
1319.717398874104
1351.4302797664086
1335.3281649712378
1421.8207664363908
1405.9793867270569
1371.2087338286192
1212.9188527745619
1492.1969477508367
1279.4792959913882
1248.2231074334513
1448.5784135791205
1391.059906289024
1250.2188673240632
1528.3149883636227
1318.9882796856846
