2657.4691149741766
2934.188723264901
2895.53306712539
2869.6977693718222
2718.7358691142726
2503.5578681738516
2658.9316356407417
3048.4825012299852
2439.6931953043163
2598.903884860451
2936.312152145929
2850.972993094494
2395.798848096985
3152.5595493257356
2666.882377582507
2953.25201483828
3040.0105791764863
2644.3576221853027
3117.3500731528
2648.9023261642405
2532.786175952561
3001.6308517985303
2841.9230024060666
2859.0066849498767
3182.0833864586334
2809.2120305949948
2862.308932281573
2912.1478608073567
2553.359984022846
2699.4339064125356
