3503.4726554513595
3418.7566444922704
3559.470388733488
3318.442261105173
3141.38248691778
3784.508870238993
3648.266248577791
3497.139757236067
3165.5618115365614
3479.9128184010733
3456.6156955100123
3486.324031150281
3444.2041653403817
3496.3108438435625
3612.056739217953
3672.775669924513
3826.379567560691
3338.1092568908352
3747.378893254245
3660.714208597653
3520.7844899872043
3481.5283396247464
3419.3731026725673
3540.5481652443723
3134.4918680506253
3003.3523288041642
3447.581797876736
3407.625012420783
3701.701123379292
3579.6794269477123
