1364.96506524288
1631.700417446546
1317.6812482038538
1438.5440177576775
1419.1961502162324
1417.4878420973905
1497.8840075166402
1295.1361075930283
1567.9540330522404
1622.6779889158543
1356.9503781475
1763.3876404465325
1513.2521703158818
1310.1241694157786
1313.573512477538
1572.8316392943784
1410.4634289798519
1326.0390721401207
1399.8059440893041
1446.3604749355961
1518.320024882773
1429.994774134852
1401.0595929821986
1160.2258983275792
1428.9135488062227
1274.9227075703577
1486.105744710845
1434.039047887653
1537.6949894225224
1247.1137025077658
