5366.658512629345
4943.827385135862
5322.144541614951
5007.238797972282
5453.938047382659
5282.798251586416
4882.5662194297975
5605.37303589024
5856.455048115343
5445.199506409647
5449.311300440687
5158.898088870122
4772.270447306687
5260.2539562344755
4830.8101312729805
5320.763173748665
5196.42916230262
5089.944770951516
5423.092315822358
5245.418083507126
5008.440593054051
4692.746005311822
4909.767209603092
5475.043715910849
5084.759127678201
5692.353053246949
5197.004324912885
5560.782539042437
5616.264564052
5121.413056814882
