1227.0750524712578
1340.770434889936
1293.4746780114324
1486.217939960292
1419.4575610917045
1386.7499226037166
1228.4223489588617
1395.2449904872462
1282.102674697193
1271.6667690597824
1348.0670949043779
1600.5637975047327
1467.2191786141734
1428.5696114042032
1481.297401162885
1361.9026762425676
1400.3752393705404
1343.8664502521126
1420.361104001374
1302.3493241750941
1450.4983942648223
1377.3246695062487
1270.8654386206633
1448.3508064180417
1389.8755492800126
1432.0710144522498
1311.776990130575
1579.713554685444
1724.152986385145
1164.5916251372569
