550.9835647570685
579.3492678122838
831.0119659513787
736.1280825915749
570.6248766953804
656.7460968827089
831.5663639153621
743.4743483110751
766.6246554682971
593.3584850589112
754.5930626027293
698.1797410017962
565.230947272158
714.4158211401498
464.2246268635385
673.2018975973513
638.1483425537492
720.2915086112951
689.4251765550694
786.0175128092596
741.2879860499605
675.2530163626562
792.7403642459611
717.372315788004
703.5175544919227
736.211839704818
529.0473946436026
700.0310739041996
715.4112635154216
671.4735270975978
