10337.191680822723
10679.700272539472
10291.168783035473
10355.398317458525
10800.355307392381
10909.996435833
10376.874885555408
10165.527712685622
10596.644673005285
11202.017991965122
10040.273742850306
10383.384182214666
10273.961538047644
10093.332838656721
9580.396275642857
11171.258503283192
10199.65344384372
10388.142211838385
10100.09420834593
10732.449795315153
10289.263823874278
10346.030561132526
10784.79006554224
10780.015470505014
9945.281750959815
10760.715724699932
10731.227115266762
10455.521175013904
10095.892247707665
10768.798764041747
