1370.5633811561756
1590.1809045666428
1508.4345480350958
1130.254616852048
1329.6860940077738
1203.5605175799824
1305.1678643799867
1417.9284054356722
1269.0646282316736
1383.2730546414166
1486.3961485641555
1569.0941912264882
1130.5171377084089
1571.976512063367
1380.6172628012416
1253.0896653099658
1659.2211648215275
1455.6882673597008
1469.6884233862136
1712.6118947576117
1393.7136133374768
1453.7850782026455
1638.8262330308905
1493.7173226269706
1215.8907723964737
1739.0030782504696
1386.6066620884808
1625.8217679616253
1341.0083071247725
1187.4377646305015
