1698.792826508409
2200.8000126143493
2144.227390296762
2245.2750277640125
1848.9778011251296
2196.997100824083
1941.8188136784422
2197.3576097286937
2155.967446279398
2351.8582317627092
1990.9189477454988
2386.946801416771
2084.2827559014277
2356.853299670574
2153.6183966358085
2230.4257900790053
2438.271444499744
2107.9663298243295
1991.209425935894
2088.066949611735
2010.8578278587622
2134.445522998271
2382.9359570743545
1942.7817953132167
2142.2929290419243
2417.553232125391
2104.7435700599585
2248.8710262588124
2108.9043924678754
2259.315965035473
