3027.7156341516916
2854.408609006479
2849.5737172001614
2972.1292273497743
2714.8508514863597
2889.371713241005
2721.182360883349
2544.6307866185884
2927.9223572225706
2538.1199136560617
2516.143680838213
2801.7713213652382
2798.637923514996
2529.235989251544
2879.915438918999
2835.8836190646625
2596.2053113051957
2908.8026900818445
3005.455396197649
2386.800436160121
2747.3322765800845
2760.4028008838063
2663.221309834547
2821.854525183329
2856.226586018162
2865.1190701472065
2831.1709518539856
2935.8786681330425
2334.5960107310248
2621.5342601826396
