2832.5869292036873
2938.9487325370033
3006.5164911756183
2955.6538133200015
2730.5816963444195
2964.3786128511288
2843.9804058407135
2665.180374766297
2887.62920929787
2699.8350566010367
2644.1634509290343
2341.837381944548
2907.937228484053
2786.400822707318
2615.0233974217927
2880.4576012072903
2903.2135239714835
2762.6586786959715
2562.0179915270164
2813.3737866508595
2582.665864003283
2814.691390267611
3078.1049995320495
2650.418706192414
2793.0019857909087
3216.0817129528073
2883.7421879850144
2778.925136354534
2788.429692520704
2717.912421318361
