1325.2391110557783
1412.646883391547
1236.6104955093513
1106.0415697471356
1508.8101523125351
1375.416616747594
1242.6635006362649
1377.327414284532
1299.8309003757079
1267.9143050996176
1450.3076941342922
1380.4026298978365
1229.924172019706
1262.6026545925752
1217.8456073694356
1304.4096133327253
1444.0722142452032
1495.3037223235078
1476.9391612537922
1161.8501237608568
1420.616602057174
1225.1989340739267
1232.6096370392745
1418.585262961326
1231.2583292129611
1214.8291395931192
1343.237700308487
1593.835570241063
1401.0577341635078
1490.0945082900223
