3174.7620893256217
2731.2056003301313
2641.6483022724974
2775.731139819959
2956.952482278309
2787.6681063810533
2734.091224974144
2971.292478149795
2858.199893087843
2722.5989575929852
2566.1325653330136
2729.301024704997
2876.462079175374
2730.8308984137584
2879.480051694367
2848.3395470115706
2887.1968222136984
2884.6967048444103
2543.341474206036
2954.4908191147783
2923.3618655423725
3064.0291301989637
2684.4245784241234
2621.3376007175143
2895.4149757095124
2886.1609489138373
2976.937150845676
2909.9626559557696
2591.3139341271417
2685.9249169107557
