2641.762885646866
2837.8956321346773
2846.4854190192736
2945.005207669761
2944.7853861799645
2506.01377510537
2362.735617553858
2747.853583879562
2938.127725265763
3039.17556916681
2900.4720395124186
2780.349481220075
2680.9976617596512
2873.463773761118
2602.652440751489
2852.3256769961877
2600.102962079362
2912.461159022005
2919.734581560697
2371.114942515077
2719.651385601828
2607.2504922147045
2729.676235007415
2861.550032655384
2591.3506992663183
2756.414526262082
2887.9351546012417
2505.963702556524
2764.4086786175258
2636.036031037075
