770.5358988105221
585.1696093542131
710.5452570095505
619.5019788954177
738.0764611875785
644.1736620089712
824.206152125744
707.7023217023857
539.8832549305012
722.2083872701751
860.8899233992172
623.3759668454688
582.8024645672181
530.4138048041224
715.952285159548
696.0162078763873
550.386825525747
686.3239806463152
650.8305029623662
730.8853683527284
601.6456247861206
762.6170069917612
741.7933660780852
577.7648296099862
609.7946827568499
765.8650362255001
678.6912361255675
699.705005336456
731.0063633145809
585.2842565405797
