3511.452422616663
3657.5749019408645
3066.9493979738213
3496.914610398406
3552.512862688249
3161.3033304730316
3604.2690107279295
3242.817503759798
3431.875401460016
3269.0766229115834
3340.0443280996615
3409.766689271374
3230.0663290609823
3173.1636246089543
3571.333606473801
3252.6567558733254
3362.8634394849737
3033.272186249225
3904.8216382398914
3488.1962861680217
3050.0459707438586
3495.299090441283
3385.5696189297596
3223.65779135782
3684.1446138641018
3530.0801024386546
3305.765244876003
3465.627756749483
3589.191536486496
3452.1399280250967
3489.753394143366
3525.610065226669
3532.821381862484
3506.1854612142115
3545.462584630059
3994.12774563898
3743.215030249293
3576.959333787728
3317.5885404310598
3297.177769766418
3266.8474292379237
3293.3048868112282
3282.7300246261875
3582.00445354764
3717.2845398609647
3259.918104339606
3629.7050294208784
3345.5013249220615
3383.1673240411046
3320.859297217443
3671.665003307366
3553.5829225191055
3146.8452722864163
3588.58472263425
3534.844930990793
3729.9347806639084
3553.12632819733
3472.696671352151
3397.31327145626
3294.7633956075815
3558.0269642204325
3438.693391169792
3217.7219659223165
3533.546312754855
