684.3050064705931
757.5276100898207
567.9998787436359
639.487658897267
634.3034877198064
852.9147836715816
571.5207164390642
777.5978751285871
733.4146658755055
827.5144962382702
724.1676180784176
720.7918417150554
713.3419210822415
759.6676849911023
720.8409760384963
730.4512845094309
741.870155504342
623.4843484296011
661.8977332050349
653.1019565670588
451.615834658008
787.5935157110823
641.9013721507341
629.1636690471544
908.7769578138802
763.8932535610694
688.3719043132912
751.700248055314
771.8830742951859
756.3006919591681
