2038.029506219735
1980.7744675403558
2281.846556535005
1901.2744101409608
1958.392671980133
1861.821143933773
2175.8503948177295
2113.233399537966
2154.383624915818
2062.97922005229
2137.973550097025
2242.011921132082
1826.2545921339827
2071.606007256849
1746.3503256246245
1760.19313597961
2174.7094490215522
2030.1979987297145
2338.9416941195877
2304.8743528624605
1999.6537532757245
2045.1408503078571
2192.2852639985463
1876.4170560601822
1838.9446944449091
2055.4593508855196
1990.2453384401833
1987.1968820110262
2087.141152993199
2471.5674741771263
