8798.624208722318
8563.80648176946
9232.377297906758
8960.6475409315
8656.745916284384
8631.50437473532
9010.176989031757
8944.289752519611
8797.917579113126
9087.685900608241
8670.793441123004
8980.352983663428
8672.34727290536
8783.496748193227
8564.33598903282
8516.795740230587
8850.587602357386
8547.687774871698
9069.2174278286
8084.015782843499
8603.203574157327
8390.033070608104
8749.321982009365
8055.767974185735
8695.440621745756
8309.74781490481
8216.173278373044
8635.082318756968
8756.89253672048
8508.906322033146
