1924.644080449244
1954.4320421182128
1915.5388819286054
1705.8852896647459
1473.4488071737414
1541.7892798405555
1884.0633056463257
2005.1219908992407
1394.5604845532207
1673.2931076520044
1677.1929468029548
1765.4273721807658
1851.8797821476564
1842.6428736721837
1837.600728147564
1743.1038851668836
1657.500315941008
1883.7375813707795
1621.9618869984342
1589.4026567939318
1785.0371078015469
1670.8246582030006
1542.0363648980901
1462.8501207709514
2138.0430386403323
1588.9101106628486
2043.4472036055677
1933.2421299180396
1698.4252842326232
1463.1519577510599
