1263.0376116114276
1218.6960470349932
1307.0311813439366
1675.6802773974177
1158.386873495936
1163.104138078912
1487.631317907927
1647.47504841509
1156.5092552049646
1399.3129022707253
1460.4124189646845
1427.8864958499662
1282.2634476241346
1168.412628994247
1195.121533479658
1078.9492873088038
1414.3297969907699
1408.3420687891685
1151.4564968352825
1102.2241264954928
1208.432059299712
1310.5464412570263
1401.0110271863596
1396.7211625374866
1587.9518258078533
1285.2764186655404
1238.1649852141063
1258.722217316803
1386.174071229976
1192.31733929649
