1979.0809086365534
1672.309191720893
2075.3552520410694
2067.01619138742
1833.497093582304
1899.207639618353
1879.3780627874203
1556.6565427027454
1569.3548899301422
1887.9063516154183
1836.3091624133085
2186.3144669774847
1932.0685617025501
1995.200541010072
2108.930292165216
1595.3281542857658
1610.628998863791
1916.795850447481
1595.8990231057742
1862.222201508368
1753.8273042773353
1959.2116376161175
1868.5159634385873
2153.8412537680015
1881.3461654697203
1416.999968116148
1988.143119455357
1967.8571340378658
2148.3208769047196
1892.2619052453265
