2090.849766035408
2116.3525350388045
2491.0410341377374
2357.011081268336
2011.5503076122386
2523.574366274903
2882.4976551827294
2426.485166934008
2917.036267094916
2624.4994795715647
2351.484862167883
2886.0656560428342
2206.184004477216
2315.6262821324926
2816.6079499807856
2299.835382284462
2580.61303189532
2303.796425188706
2598.7465201140076
2348.0449790368093
2245.60031443134
2416.782501031772
2688.317309627533
2590.43245890407
2702.1959721324583
2520.3011954863596
2214.1189570326296
2842.567654004135
2567.7764361962945
2748.370330471318
