615.3335672814819
644.6226451546963
559.9497990223845
656.3701293213066
649.1017194116357
797.1345352928033
639.9542388500049
876.0313900248893
725.0869283686502
470.02850881243876
670.4816846120364
597.6139612128018
649.2903716140722
654.0635421574266
793.1756651158103
514.3451094777906
649.5734305934698
569.0050930266916
572.5725200921747
714.1666986420876
576.4730099372914
869.3384389569237
821.8704497909534
576.6161597701562
687.2036028295661
647.3547216758907
561.3428135425283
967.1374858872648
486.76408707161545
597.2214616460064
462.8653747542444
632.5874352015762
428.13667917660314
665.2175503789213
513.1416492389878
836.7697815077859
397.9785726695018
641.0598777229582
508.4842846107085
491.2057181577343
665.9974925577808
749.4799720619365
567.7908635318381
736.9624625322763
734.568743848982
442.8454396213456
501.02161939086886
541.493593778865
487.126710596953
532.3376379716426
656.3099157815454
679.0295251946741
629.9811466910105
531.2484583610749
590.5645775288615
728.5611824686648
780.4100978593046
802.6599754554336
551.1485425554333
600.4057247891269
