947.9175326586201
887.4323063218776
800.9074508421545
816.5679259710291
643.9129115439018
980.3868623891417
818.3234100910795
1003.9571426509924
814.8162737386792
952.2520559540658
928.2016451539635
967.8792120750513
870.4359656507904
810.5775795543709
945.0847788049891
713.2794580024351
1097.37416509688
903.1706163618419
737.6196511125613
882.6661217455758
836.8811925946848
710.5584811544331
607.557553916984
760.429643141646
529.5809016012627
1037.0758788412472
692.0725920366872
759.7095652310813
970.5369038745234
996.4811652197182
