192.52597968433895
192.9297022752345
151.4472007356453
145.3914251275571
80.22713124868119
149.55216261319163
138.19436080525452
121.57871703429362
87.20260775580618
167.03018249700017
151.78615573879813
132.04183463097252
129.60602490482995
200.44793844435594
197.64582373218343
223.76395888331763
149.44084953671893
127.34890793918294
120.62807324686366
133.2422304576645
156.8843647800029
141.11825824505365
210.55063670394418
137.5471999322276
157.21411258124522
115.81667326862907
139.20182474496335
151.39123689820485
176.77754170297737
138.1216664689016
