1093.417487015229
929.0374590828167
871.8814090425703
1078.186220606003
1136.1667045499394
926.8533101659384
855.6490017644444
831.5774012770603
694.9074253705458
923.1769971487365
1039.7881377937751
855.451157027542
915.510585237324
1108.3858682120242
923.4907609352492
820.4339207110934
805.4547946970201
880.1606562785564
849.5996541445525
839.3795801681326
814.7830042734283
1304.4166101236754
1010.3983792413937
1187.2028022927955
777.5964343729188
948.8739978485908
863.8855717008421
1175.366718630203
992.19274875308
909.0813188723166
