640.0379414677886
855.127148389377
775.5230316412581
725.0072083831069
981.6533544169406
873.7204470429419
661.2445783788376
713.2826223736361
644.5789281940474
812.9069152711841
932.9206344837166
764.0178088426014
963.9497716961027
839.5121686829511
712.47788975091
830.918632705198
1017.7948776764024
792.4980125739712
715.8573095030351
859.9645198826211
1050.9631077842196
797.6481457401865
852.5768785116265
844.954677447949
624.3024573162847
714.234283416959
1005.424542904911
713.9564333843509
657.8411588929057
824.0228414331177
