2733.0531448364627
2880.3917167963764
3429.9211549644906
3023.713219966259
2655.132997146521
2928.2630075714496
3440.1738662805765
3473.97729548791
3079.150950940055
3113.8385373955816
3783.6890378337066
3836.0013852452794
3503.1821660697324
3713.9182380149605
3488.159750895862
2906.4430498253814
2037.7748363689243
2589.7600526462793
3310.0866477973686
3355.9555347833193
3017.671125349839
4165.506143056294
3336.2951754537244
3379.4034941167893
3327.5911127423024
3346.3564585109143
4112.330239386768
2736.981395034475
3341.2093129017467
3269.5710283183926
