385.331646867063
493.4011499080798
418.20282668424716
370.1040470394423
461.3400524369563
426.90636356567234
581.6207547093732
399.4470778369855
429.61249995879234
495.5850027786919
451.2593791653567
390.8675082261377
451.68798849208406
484.04425158851063
581.2635978882251
498.3936933134182
525.535062607521
376.80016221747223
470.8131683544548
510.4907394919994
431.07019946574655
437.7117079514953
389.06163218947813
478.8020194237729
599.4120547317575
515.1869016012802
333.4829013554122
591.9353242678435
420.68605202747585
555.9526060935541
