442.6962236726242
344.04754066188775
394.6657465356411
378.2075905305817
428.14322655000547
472.97395321194017
315.94407753524365
489.6301769022848
431.5515564854056
347.83595079357065
400.1631505484702
289.08834235565064
424.54105668230113
516.780144371585
438.29212800490654
354.68751395062577
330.1525931778435
431.27376916892695
429.1004260694117
489.3932417029105
363.97720239644013
428.0174248587034
537.7223740654276
357.0388118500764
281.62841311322154
554.7531757543143
376.05533664790164
348.4971364084902
373.9605234625981
344.3869795583246
