394.14629842882755
256.61055382942084
279.4501575367508
358.3240908911516
505.21113559527384
216.4143578898878
272.994814836852
396.2913511751923
378.833243967621
300.54710622271466
347.9625130308199
254.39855224982057
350.61259970123274
225.3381374752039
430.17899609290464
290.77915944936274
326.4143382657304
309.374304594882
197.8731496654749
368.774114092956
292.96456496196447
417.42276713212004
348.1332178262711
275.0813367566333
287.20978896140366
340.25544887373405
215.82714391327954
500.89885625298405
358.169576245783
281.3888468870382
