360.2652069968665
355.1383517470098
431.51829190730405
320.6723310406321
527.4213367807849
600.0356953837511
348.9089759625821
569.8875921182687
394.6752226310181
604.5363351063295
633.2847336957332
468.68364518189526
585.0928292886197
314.0363230719396
452.4029037309284
372.9166669387565
332.3495295943353
458.9290535922413
648.4509256114574
468.91881792110644
356.5221594242522
373.7011103008384
364.80196786708825
421.5784018967528
330.9335407887587
316.9283415463034
647.9098593779406
371.7337000031554
552.930520257566
306.08437658419064
