1418.6317743320215
1479.6348016855532
917.0052618490517
1338.7469954411708
1020.0112102956723
1235.4429529567642
1311.930331120791
1683.8050780335152
1490.0909879026303
1522.6076126649036
1264.1705336623395
1120.993957052311
1507.1967380818337
853.9277080656179
1297.464615459564
1191.8557875241017
1083.0230927849962
1087.677093073214
849.7249580506232
1740.9295072260143
1213.734056011635
1045.1322020033826
1481.1022105784004
1235.1174055112183
1504.9272837834314
1189.988511068278
1470.314524642965
1331.6597585931795
1468.0832896771167
1289.7364198139749
