1634.884834822392
1473.3536681938958
1677.870285239309
1618.3170677277672
1700.061970186855
1871.5631377601344
1541.1213314413617
1956.2741922869914
1894.8316718602746
1605.8206661653621
1518.7303160132979
1332.100643219574
1893.1722426092824
1681.893852804144
1703.2560904351212
1670.5896564937898
2121.482488031574
1857.3870883375816
1506.5354335283178
1529.2783698220142
1446.503280729814
1907.2081822669006
1447.087523462803
1805.863005649116
1801.3340707034663
2286.5821636867377
1793.575380260551
1656.6796719038143
1621.8519992355668
1866.8554682730646
