1220.9282567593077
1030.0136582378373
689.5202208898863
986.2037962564373
926.3569701149358
1044.801765953424
1113.2769984611286
689.6563444930257
1251.8225983391599
969.0503639345629
1136.5031860509266
1042.3681688520373
974.6468570029751
984.3428910366306
884.5521910918592
1050.3853695669436
1162.1908343830191
1056.1719372244283
1193.8706029190694
1055.7606382199174
1021.2105767440125
668.3847900422961
783.5215184018921
913.786380925083
1205.5404361292535
973.8912170872959
1108.2266815704247
1088.6280508939308
1030.4251820184513
899.0520051043918
