5490.7922043445815
7318.84817545771
6837.835870738283
6127.366669860829
6248.306821649292
5973.944544054686
6886.796222208199
6695.150621429502
7060.4781721728505
6694.705508623048
7148.306124973107
5781.144916806632
6877.078710495089
6827.499111985891
7217.54163709879
7621.894324832188
6552.386534178762
5243.949194228389
7329.473121061674
7190.461584377403
7002.911248316343
6756.860250608093
6660.47190393287
7594.989011334195
6595.381753052001
7717.242437786717
6802.401403008991
6217.031715933688
5658.543007614873
7529.602146810565
