1850.5171656660673
1489.4222730525457
1706.0435434595615
1691.6332791772234
1686.8832294009953
1528.9446700169765
1415.2093719711042
2102.2004019706105
1658.9797662292208
1961.992810784312
1902.1136572251976
1627.8970049915956
1911.4127889083552
1417.8503409050172
1860.6485211335698
1599.6399223326202
1953.7186894807974
1849.6630349316724
1505.1774185894355
1619.9495003782836
1574.7985807195155
1504.3579985532178
1533.5962668693942
1923.5747530336266
1759.4315875382313
1845.5413234636071
1790.916265843578
2233.438287029586
1659.364575307236
1710.3233979967354
