477.8855763122983
644.7125975561457
569.1970835790285
564.6670043176432
640.0080229509831
450.87198313710405
561.5667857752765
596.0305702708856
530.3182582932436
654.6656359226963
770.4787695353343
797.7709466085093
616.0588187887047
681.8285955880096
785.5631488671079
544.2399269851812
781.8548040385263
540.3409024024149
688.5193364742877
955.3923522763016
699.315049417819
903.6645565153867
630.2392473868886
979.8239526850125
758.0195474112875
917.4035920852639
573.7924548619667
682.8698608842856
599.0484106007079
619.672757180841
