232.44426216782313
383.2485407814904
337.4707057328037
282.0711700013753
249.51112947414617
326.4709044083993
296.43286216456295
306.2627811421705
270.33747748274504
367.7864501996619
365.28563333784246
349.2372625688299
222.96508047367297
285.53904395415816
302.5535385969458
262.7011902008551
280.7205137426172
346.4268599163563
408.2340951619433
361.023736739952
316.2305668454976
276.415741415615
245.41691314389664
213.574621942166
319.28859166378857
347.7773019929107
222.71596898003168
296.5273990960386
389.7837533711579
317.1531736590907
