801.5768825044834
604.504461658843
876.5113071393062
559.5526986182833
800.5301808677468
496.7693680422585
666.589673385829
797.3805678766057
620.3127915962527
731.737559216295
315.5098250057565
609.3048529477765
731.849539788549
641.5639201926238
517.1167473883604
560.8158967805016
758.9861422114759
706.8537951141304
667.4656124457742
534.6725749991208
720.5696208735963
610.6517611462082
870.0435500748229
533.5822687688751
712.0119925146935
569.5034562065682
995.4334933473367
625.9928477658182
686.9220820579392
503.1572616527369
