2549.5906396454166
3996.607158573258
3111.3242623977885
3353.0549369611217
3445.087515058438
3185.7215471069876
2711.8719596308065
3181.8794444580217
3287.5156217167987
3428.191853353339
3201.815201803198
3291.397483797934
3417.0396472822886
2989.435371992562
3998.4442750553835
3231.4759713665026
3290.216217459857
3617.2942793118855
2587.5244120263696
3143.864083110826
3403.7442404607327
2406.899276406987
3689.7527801986125
2909.151350402837
3122.340957530694
3445.584798652727
3185.66369080176
3033.172945621216
2300.7746502372856
3405.1556391097347
