4739.7227334778945
4922.203078897672
4652.597040188817
4817.719913315746
4990.269499044834
4100.787432953741
4470.025061439537
4587.995917406428
5212.682577445272
4638.11391671361
4425.874603653459
5504.774447336549
4869.127564795277
4348.640822559117
4636.8674820954675
4545.174986069409
5189.503137636515
4986.810907240773
5047.3594456852625
5283.217972122242
4445.490265778009
4668.5670649264775
6207.25034483908
4058.1238494307017
5123.774905637947
5140.219766313659
4451.314606942069
5292.566292766724
4798.503463686664
4610.952962520205
