340.2518060797945
259.3596852806388
245.35278176321572
322.5803694997812
235.15161736505297
377.81120560965064
408.86726730768464
405.2787648281899
480.47200877783484
309.04084993219726
295.80659777716664
398.5848305021934
316.5406134310372
311.63195942652465
325.5447871065219
403.33764760643226
347.0761853413328
252.7899989975217
254.7043746551235
421.8192131834935
433.7240374687424
279.9206125037804
337.5155469438082
316.84607513572905
367.26095414497195
275.4429550233042
389.2324220689445
355.35542040621044
347.9995148840676
373.21593396416847
