2066.9415069209053
2089.6012874411517
2424.460944947512
2193.741280356322
2306.6363307892625
2264.75148164461
2370.990338803874
2380.4242590776666
1753.7680926863077
2677.8890876568703
2711.0560647227367
3016.5815121262503
2255.2102042110355
2157.006849775028
2343.6897970430628
2284.915155670953
2789.560330578048
2187.177520200282
2299.2306445604436
2304.983644861839
2588.902214243969
1706.0102888662823
2380.162337918762
2423.012196753006
2505.681766043758
2184.156631471742
2873.648349329942
2244.9071178633358
2558.7955777749685
2281.9150474075695
