2205.181737378255
2411.173420982289
2495.0152165439144
2390.133763766771
2166.2701756637334
2451.465720667751
2124.9799755116264
1974.9646457437334
1722.2304696672782
1978.5056464588192
2105.482928245909
2144.978853303099
2373.6893782751436
2536.1785661919757
2359.654621464723
2562.5815712111344
2375.281292196697
2219.5799395375852
2413.7017119837897
2125.362159194054
2371.418847157018
2136.399648686324
2149.245275870483
2258.6619571453607
2059.807672815936
1775.5448591240315
1846.9784818439744
1937.4719381127552
2184.5491989257184
2534.793524593126
