1401.3224322446576
1464.270341135848
1469.8585855934352
1615.4023441703403
1743.2056024707344
1621.5850670010695
1594.7960390205299
1938.6710621496013
1897.0975932979218
1624.6799043188375
1354.446260665124
1615.8518452622038
1563.4430329811103
1820.7188331473853
1401.9348932783314
1578.699055551533
1396.0233356997742
1802.5719457723499
1403.6645443332554
1493.5347627503033
1014.27273845118
1252.4072465372283
1817.584510216342
1650.3015363013228
1821.8636213889304
1446.8390075043126
1479.8502243399043
1452.5794902141133
1242.5237448440766
1684.7376594864481
