1197.6181590020287
1338.6217936953335
1128.9386051476895
1148.122455276227
1232.7013609662154
1325.2533253239753
936.0785343250263
1315.1802366503225
1079.5315499115413
943.5525486737106
1007.9253883675492
1273.238866842431
1243.9212484679665
1199.6592561974621
1176.7466882525114
1120.7761387402843
1096.1689965045007
1180.6860533759473
1142.200862257061
1220.7498814501087
990.4502389395575
1104.7869660414208
1111.2090171902146
1142.2385997395368
1060.398560703773
1039.6102983699875
1340.5576822330968
999.9298528568243
969.1135806238117
1430.5453531408548
