2872.1677643875537
2564.409059831589
2674.6500756977784
2604.989845732125
2745.6153420893406
2930.213057800722
2564.6696839459255
2546.1314651563334
2680.8518423254227
2280.314404207158
2126.7293449294284
3299.5173654659084
2636.48828554194
2626.6363945424037
2909.9760606061736
2626.969344401421
1671.1473155806689
2738.0657778250134
2916.7555787108686
2435.904061598112
2501.454438020017
2720.8166781909113
2854.775296373753
2829.8893986576204
2446.679432699597
2256.389961268742
2423.4940655107803
2929.6967990982484
3028.7362924855515
2906.5435278931964
