4708.683951794044
4502.585432224867
4085.763405265576
4148.717811536799
3647.2876051153544
4395.489909517879
3433.3893975520423
3521.0835570059335
4240.357866768842
3419.853476234586
4180.613115718939
3406.383375568923
3430.417125042779
4535.865035793187
4004.8246610801943
4638.005551313889
2792.5234753605537
3690.29542731929
4510.696379512872
4077.5583487183085
3922.4715678837365
3783.1572586670827
4113.69249018345
3614.2728767854696
3739.2689759833374
4000.7986378955393
4022.2741397612863
3865.7764297290396
4393.991333532726
2985.8882079522464
