548.2502775130374
414.58807402118873
449.6908521027826
412.4869751211136
428.0881691167142
505.0371155764051
386.6452080482609
572.328971658279
721.049735616733
572.4719377658
579.9917946705657
522.0050487821745
572.2386085153018
544.0534730921959
447.1988623924667
532.6802547197017
632.9845040652726
566.2841510448989
501.1643597323073
468.46992381960354
558.2068977891468
500.4060988399315
599.7343194154946
470.3658693426182
368.65849788595824
600.5553302678959
592.8135273686203
448.13949187131766
538.3216546960357
514.1421501066047
