1299.6393454788085
1582.3243986580765
1777.307966647837
1750.459465125834
1559.001031755346
1511.135830956573
1518.3840392684488
1587.4178709304178
1265.9568911260476
1276.3985707003185
1574.008252847736
1694.080502374739
1725.5880711996915
1318.8811101163947
1686.802245080553
1684.677633470179
1743.1178953830904
1201.6189571542209
1535.7318480718614
1150.6754380982002
1787.6901000917578
1451.3778903555049
1177.6901443121606
1311.3567076567988
1547.5981646427426
1174.2756586064797
1653.0900297897188
1238.9161583827854
1673.9369728751353
1759.2203612102921
