865.9470820742354
766.4539802951481
892.7138662130365
869.3830868504451
947.078459054158
776.9581079254003
787.4357843170428
820.6059825322359
803.9628306206941
717.8404165950878
730.5039338530164
872.8998163788488
780.5088153730553
1029.5929835412494
885.5390985829586
1111.325171758498
1004.61827620454
655.3634310241882
825.5082595880799
1001.1760039756477
966.6521383442173
944.9247183014218
781.5894371266231
882.8152647190432
846.6466833899294
838.5424486391794
1194.3113542322403
877.4321483427225
921.1041368939386
825.7711842552931
