902.0808072898253
742.224541972384
914.4291785255823
1057.4559237537405
738.4317185746718
896.4199441726371
781.7105030931912
1231.3463521561664
866.6031960341261
946.0558174071471
720.4520351650299
1061.7742094693504
833.9371713061059
899.6364814052813
1006.1990108272012
824.6964077388811
1117.46379440785
1083.4040080086606
1063.2353310533426
840.891392917473
857.7210445020366
876.3784077004275
903.5318281847408
1011.2705359075085
942.3257763509298
1020.2507101768083
771.7537870779397
977.8319317051735
944.0950920428804
1166.1743652809728
