2901.071578636922
2458.7654156049757
3065.6117976502883
3171.9089518815617
3255.45955914178
3458.7329656742913
2682.6641609893322
3028.5841404816965
3066.394605333511
2668.9295372531215
3008.4974995471366
2889.4336450103438
3055.2826175729206
2983.7832879523485
2937.306078509717
3165.7777199694265
3016.569589333354
3365.6740156878313
3121.9675270663192
3684.5621843268127
2788.733145326765
3265.8775756158557
3376.838832819283
3449.930380158483
2959.0047334413484
2654.6622761025574
3603.8686618764714
3205.741098394663
2841.669602925662
3104.803230318719
