1394.20498531156
1143.030801015308
1479.837629686936
1388.4689305828906
1465.26519820376
1402.8597524120623
1297.0930441749415
1219.6163986904198
1321.9630575215706
1264.8927720271372
1291.66770133194
1261.9800436198093
1220.207414205145
1090.0379754033784
1229.8419521809103
1542.433033514551
1413.1257272133253
904.3927322222239
1325.8387240647226
1113.900270171292
1168.3991396772672
1072.1855012505735
1512.3363025246038
1457.5573656038243
1628.4355696674425
1474.1817389484295
1206.620286697121
1100.2670841581917
1536.8152481976826
1120.7861817647165
