4914.106967270783
4589.7076748825275
4734.186804969442
4551.372330227905
4214.170687947009
2881.5810014754124
4663.629518523249
3957.579223922142
3910.7374837817288
4872.503335780122
4191.899950488362
4577.81685482206
3711.081600115147
4923.843238464519
3628.8437408654154
4265.828415984704
4659.467734575908
4343.028415057774
4425.897858872662
4608.113431125554
4222.967220262532
3959.7788704781815
4276.907842651038
4624.2517874197365
4055.8687602311647
4187.234141183826
4709.648488083371
4852.486832489621
4177.3480498888475
3677.3510265270443
