638.2914710394684
612.2812502087618
793.9028199059208
613.7748497930575
652.7007404883566
580.7625687403124
514.1740769552553
578.8863804379712
757.6000580025288
747.8903762955106
618.5296055922986
608.5097900749929
466.42488478151745
733.0361251564614
619.3057023335646
685.9046792572435
696.6982675027134
574.8073426000519
660.3180509452432
751.7756128121391
617.5670396172732
598.4287817608597
581.3584523029413
671.3855197826406
476.67657455894823
651.4266169938746
621.4133662394511
536.1838399264038
815.9624374095483
634.2801311836452
