1998.5083624679446
1716.5844970143253
2481.742082469449
2574.915096961925
1818.7188924164684
2510.6972075087906
2480.030036364803
2444.6467873070396
2192.936747227127
1942.8654269018025
2076.019645287497
2248.1112902104333
1824.2398190092172
1832.2430682027698
1904.6462481541375
2503.0057900055417
1679.405552434825
2249.251485250754
2328.626752986692
2347.7329639695217
1852.3966448963029
2451.9365070470594
2115.871234868443
2074.4913311146693
1852.5118279942963
2317.6351253327466
1942.6866266092866
2159.7662456033295
2472.765880042526
1845.9811579644302
