6196.10265431313
4288.479282727956
5426.911052078654
5730.366986681151
5180.96291710243
5199.975020598571
6187.978632700877
5658.7449147497155
5476.76314346531
5911.478481696657
5774.77891526416
5326.135051418645
5926.9362358848575
6217.306435497807
6309.598949071962
5350.659999687188
5738.835929440938
5086.170624136219
6192.1316780147445
6276.5654145295375
6322.177723464483
5212.332360998154
5263.260772119667
6024.897649438773
4993.774125817847
5132.424980773156
5692.364366655565
6097.685864847492
4885.924623771723
5364.721972899873
