2378.2304300882897
1996.7075117551067
2710.024821393872
2283.324682366987
1980.270357194826
2233.3472113070875
2024.3919774667083
2129.0178072636045
2739.331027796088
2811.5329082619446
1887.5771526896533
1724.7274037249026
2261.195021669966
2353.2441251983637
2495.4758226613594
2159.7763536584007
2394.338469695209
1976.2026426510147
2334.745600734479
2507.344194204252
2212.769066995579
2329.428826654268
2447.227444873548
2254.0107328911054
2184.0343402745657
2164.905530601567
2341.3301128613584
1932.3162772994092
2362.4946220196
2332.783671492536
