198.34803221158438
145.35183362116243
133.4521599932882
221.4099406741541
230.34398014771114
171.6724956092337
176.4334140966157
159.6006383857931
204.60294447713756
133.64408159815832
205.7364428778817
255.9049787381099
145.6701987145234
199.01958102813717
245.27067361671027
113.86179428901744
207.24566867618103
199.23636512743713
245.99252819642254
119.27815521686853
220.3398938903905
126.6624149431849
160.6420046082378
191.19892082722652
125.58897046085076
215.8347253697484
369.75201742882496
123.56429238187968
235.1453257503557
236.57708768638668
