1565.8938939404034
2266.720388217749
2473.9814018651887
1881.2268539693505
2346.7231889410523
2557.541379276492
2129.0625988204993
2028.2241540408304
1723.2435827952577
2284.9943182894585
2248.8971583145412
1991.554433060026
2713.401233658089
2255.9499207229046
1837.2289408088527
2332.5952223830573
1911.0311506170856
1971.070618476133
2272.8753412520546
2185.0902186871026
2006.9695962102014
1677.265364699335
2202.5046913869683
2353.3842378155096
1787.1845012854146
1947.5368469889327
2100.4987910849577
2280.65586109755
2282.081075578002
2278.634322387614
