204.08651681100173
167.8258171722258
91.01785746921985
201.66369863130433
202.24208012001986
161.31136063986003
212.28005635175697
140.91090438114372
174.69629266190918
165.43334979302892
166.80496949183782
185.2309847367036
137.92885399733314
132.66539136604615
188.24771351607762
220.49876596446472
202.9756722580189
146.43233370149062
91.62367719263614
188.2857024775011
195.06805279542175
242.35378543560444
195.19801629135475
124.538761338592
156.5632429338508
215.1939906779428
114.99974334011176
173.64727550049997
109.49038805863768
329.4967427096484
