37.48594644543711
46.16286611093296
35.337571317908974
59.405800816489354
50.00213190415586
77.69117971845219
64.85292092666637
51.883339063699516
42.3121316898956
38.18264267564945
88.15192747228679
44.8155393696299
49.789556830091705
77.74763851852745
56.754325471325586
55.114872615717275
48.9239650553366
43.35653664210294
50.92219906052316
57.287669089969604
67.80964998055994
67.54949246965165
35.31758400116574
49.944569598879
51.27219036828751
71.38547885091482
46.34579772847504
53.9321391585985
64.07164881512207
47.051445113983156
