36.55953107187109
37.88158351079448
38.74366357131826
31.00212973591703
43.03366076635473
35.933543995019726
48.01401777560979
39.89144474837508
68.03163813465076
30.497468797757584
38.92450168822169
34.119703427539434
41.30925114916766
55.896742523401606
32.98341570116513
40.05415824008286
34.30441354763553
25.428310771274326
48.63239371801393
22.78570758383798
32.914081751545474
42.2150916984287
43.938684911867966
34.36402769342313
27.532423594104717
29.061586207529736
23.72000645612462
42.25592814021233
48.112706630212436
44.893334286702405
