114.89584509356192
71.0178999546638
85.73381296613901
86.26967694977338
102.95880475819935
121.35932891912762
116.58512915788525
92.9270796600537
97.07201297450759
92.03993315634499
113.10013438761565
91.295837972194
81.12058383515053
81.23938730056064
90.31798900600548
94.65332238990216
81.08032824650161
97.39204455189014
87.82559065061896
90.80043045666585
132.03816362976008
108.74082527750603
92.85005548314808
120.39501307675484
106.2397836520936
111.31541805652265
84.29971528893516
99.8955101791434
89.89289722101009
84.0130193930643
