117.62916655998126
130.57422790387744
116.92764161369375
124.87231195595164
160.7153174777171
158.2475547971628
172.72770427392666
118.0499982150061
139.18276933690387
138.59126521522583
121.58182238028432
142.74679601383102
177.0606586236435
137.18987047951128
126.78514605632846
130.35294981906125
152.35958157942773
166.80250391746728
151.17034406016086
144.6701722902063
172.24813072437016
126.09497414075773
148.33623168067177
159.56722172927655
124.52678434102985
150.99829630227623
150.4600694743581
149.79623376639023
