242.13139839241316
284.12530615920133
262.1149155903706
291.4699615568479
316.671890264136
345.6408492204453
235.83258996610903
293.2102603750906
287.4526775603306
367.4735126423156
307.5843902990567
279.6270282527702
290.2203388137224
296.2770570553554
281.19957390851846
269.0849909662513
323.2726571404118
289.5907093288971
283.8677025124124
294.87046474256755
250.0389593066878
255.47274206176638
257.915636626834
299.4226599790864
311.3958502626421
328.0141266210132
264.368017894282
358.86365128457106
298.26797760411677
268.71662578100415
