175.57980979702054
232.4600853737344
221.80674760325553
254.15046255805
217.6895737748153
196.64205600758325
274.48753350954945
288.7819937406699
194.36825833333262
271.1461979134787
224.5377869394763
246.51660565538452
240.36524014898578
232.22967789557003
228.82075919936187
206.92118865733792
237.99903352611292
263.5648206994582
225.59599054857716
232.2731070384517
231.8888948058191
228.32362387056642
237.13263049254698
198.18723334156033
230.21741402612255
261.76035239730214
224.88139847810086
242.58967184166073
306.6129028359272
239.1606982316678
