92.6946412038706
68.67100203686685
73.13281569037527
83.57101705066178
71.90932019985294
53.281226363133996
83.1815269034639
107.31328843928083
56.26393219371028
81.87302702531238
80.23394436475675
56.49871966085832
80.60658269242752
73.99525142863055
75.08672610032805
85.94621671279522
59.871033364485555
51.63537985341239
64.86790565177232
66.03115540475312
89.11633056749824
69.0357907401875
70.18452616778838
86.00160904434853
93.21785854838345
59.702463086931004
76.18045363172774
82.05571098310604
75.03640794486925
93.8336418123389
