214.11897883946068
162.80608571106694
203.54736377881287
174.84635980636403
231.4332190941095
188.8074315151038
171.0574831757531
184.23376920222967
189.15476637249364
163.41379065871692
217.79319888620424
190.2058861811759
177.99483152115153
175.3007384211163
196.1311524485762
242.39756007022743
187.9710922283443
178.19950760735287
187.01723945334584
178.82655666699478
165.81927456832105
187.82015210498008
183.782294741227
213.53020361177795
237.0685905508392
178.7413148995519
206.12621549099984
196.87414714147454
170.64273209078365
159.8207854539378
