11.23259201347768
15.714073693534761
10.089619939716638
27.752646756946152
13.735144592988394
21.87713100290303
14.100695168167855
18.145498450850894
9.076888023785893
21.652365351603024
13.798782998338769
14.403309684216621
18.12170352864996
16.43184474173933
11.156573152617781
15.778663814471544
16.164092696178223
16.027453881963623
23.018279183034124
13.250027535071544
17.959372151422127
12.870667191056906
11.018678302941067
12.063713472312665
38.86761376039568
19.4954246517979
20.10594258866293
33.20899665962153
9.40709222316341
12.760839583408169
