38.40729903024112
38.26443479685531
42.44151395185327
39.33128256522377
46.219812210624696
36.807176165914825
31.704844581884572
37.61418646292714
39.74058765398331
34.06760649813077
35.6102419282488
40.33829893446364
31.635201717186646
41.8963655967309
33.89507105309076
44.93946774211145
36.2761490630337
35.169274313228925
37.367752290010685
37.21867398136328
35.15562388579292
41.590859369456666
39.996771996768075
37.370355444042616
37.88144066247423
41.67762818294159
41.831684679239515
33.528152132127616
42.26590317541013
36.86930616794052
