55.8233271375193
61.45912767987102
65.9139790150166
64.62701140166064
56.582647900346274
57.22989399208382
57.912575420145004
56.96575076057343
57.52703551665036
60.04411756508125
62.36085233486301
60.38075707618191
52.845424881541476
60.20168409425787
57.35850797728381
55.20602194380626
54.37941957513067
55.322381939386105
55.23382776477047
53.05324239746733
62.94528509429256
55.728443375868665
54.69355847960287
53.51581790112323
56.206666588943335
52.64310456687235
60.47882914054571
55.52493540006435
50.88510445991233
63.35224473480048
