19.637719025428396
16.133717559129764
22.530555129854292
19.82542296899237
20.031167742385605
21.35865518023911
18.49059418341858
16.081678502860996
18.63277669158788
19.660400988703714
20.363374935478987
18.177994505846073
17.825767835064198
18.49240085953852
19.77798674113501
19.518599560719395
19.4574097604509
17.625292019637982
21.766670802872795
24.989655029766254
19.456151888405657
19.006442985677495
18.36645397868233
18.785500579694144
17.52860478901357
20.63982342309737
19.854871440262286
21.358460202931383
20.07646440440294
18.037395891230062
