3.920371985523616
4.020383722145539
3.4344727810687345
3.844649571101627
3.787119233171211
3.2131486898914545
3.7232253138932947
5.665304623053544
3.707815208777788
3.3906300538740197
4.0358549234645125
3.208617982351484
3.716756193776064
4.082247054807453
3.575986674033743
3.6714269501513854
4.0731707827294485
3.2122570552925254
4.8188478689558
3.2977162141347662
4.604167633745192
3.7604281598138414
4.0810574119554985
3.8613944695450755
4.788377063361054
2.9371298029623176
4.3005048476780985
4.41395449872266
3.0913969057522763
3.571960670025078
