15.448439629248242
14.35677417113584
15.37442192701701
14.208797805713857
18.027490556655266
16.339853708307146
18.63164769199011
17.432274093420347
14.608440201953727
17.481172908324424
17.294650537637153
15.010912861408087
13.651599476532738
16.673023274426214
17.480953425630105
16.26807605941667
15.879943403819198
13.733460857284626
13.765123050045077
14.380972697776542
16.472305818034783
15.140440428252987
19.33048396603226
18.068990583654795
14.069816230921788
17.974275226323698
15.365021387279285
16.307854711352775
13.88676427008113
15.163610523170519
