44.7016034350072
41.74338945213822
52.66469605830753
43.16102227070587
50.15569120849068
52.973321558965836
52.105510685491026
49.24352496664142
47.83745275226465
55.26680838230641
44.83478415737045
45.637847001420596
56.13801342975967
50.18110657620309
49.27067098509906
40.47950505818335
47.668445199544294
46.122456706252706
51.12346904027072
54.52932727681582
38.47670369619482
51.81765906376495
45.48128513656957
49.096822509814956
44.722069982735775
50.67031097441031
49.36258781876586
46.889211542835255
39.26986184125417
48.793755503413195
