30.12310365002486
27.18991912967158
32.40881643839657
27.67942179739839
25.058833482889895
28.600171824266
25.137406109277435
28.98515398220934
27.46957049798675
29.10338804950152
28.68514699979096
23.216051111035085
27.319299321103244
28.16271064715147
32.75436682209329
31.729217426362084
28.148208129422528
29.82006667791393
30.241260167430482
34.593072154162655
34.74400568447254
31.722911795188338
25.50467037736871
31.90240517633083
26.161652386584137
25.772783260467804
32.2130878520511
30.804659252662532
