8.228699532876817
9.349214845707593
7.327369303071237
7.315385284684908
7.611853359628867
8.066611120845437
9.070129598265567
8.420682145515002
7.575005653151948
8.077707441240364
6.541296406477841
7.674442560834223
8.678145072830375
6.140695787357572
7.353124271503248
8.55260638933214
6.807538344948853
7.283534299248458
8.200242930154673
8.378418828935992
8.928283267877077
8.687482335839604
6.5847892926326494
6.91704696758552
6.397997476121645
6.304122153413118
7.976935126675016
9.009199788803926
7.88852614039547
13.527172890821248
