10.481559349963845
11.543908599930091
11.30558978369072
9.836455512656357
11.661103109213855
12.820068150370844
11.526673600182221
13.214829076773867
10.677769111017824
10.461043620223563
11.77472311452675
12.850429975823772
9.855989752166352
10.643492593798328
14.617672616866685
11.23645782371841
11.900599245994272
13.84323293063835
11.05832596878895
13.242065120297411
10.867768918068123
12.291432531474584
10.354219325638041
13.967145783930164
14.755473035544128
12.721525716131055
12.95738595014518
10.117831817694423
11.87069336667173
11.724681601934662
