5073.834716117679
5540.967258282663
5179.609758541682
5365.2433620761185
5394.109625328547
5330.25626170151
5698.541272743516
5435.0795257326945
5351.616559858904
5365.313543184988
5620.428164674215
5143.375499246446
5217.653501851199
5730.117324982357
5175.0868694554265
5377.771979832998
5233.499647380754
4894.227598561016
5258.82862777378
5298.630058610881
5664.692602628108
5498.313397314918
5721.2368747624705
5167.058592141858
5070.305958168278
5334.6802419029655
5226.944523010108
5217.941558846647
