2179.1089502931986
2430.1365980698524
2306.621533959276
2046.4524954085746
2361.1266147503297
2094.278408760399
2157.24015719
1951.6334022001768
2278.9917533240655
1997.4149781383783
2215.2542701636785
2271.8287941292397
2065.1735346795213
2186.818313964778
1933.598087639333
1776.4945265690922
1816.5087820263225
2177.565604393953
2046.4485483505894
2049.7666150115383
2127.952009756837
2326.2892076732064
2232.9752442065455
2004.2112664896865
1966.3253787240646
2334.9266564454897
2071.0904152067433
2124.574855717464
2144.0687693877144
2134.4706724829325
