1681.752707698689
1504.3900910136504
1435.340444533598
1458.8417046834625
1424.6881332444152
1479.7147203948305
1309.2815105632255
1548.758037804742
1135.0076599987347
1517.8719525020065
1631.65506216494
1196.6081103724575
1360.413541844755
1349.669523505933
1421.3743037155434
1544.4105871463526
1201.0299117482666
1498.3370392723164
1609.7743009421438
1166.605994236474
1389.4027650684482
1389.5259565863546
1680.6119913529624
1530.0567618695031
1490.4999960657053
1451.3096384360451
1420.0661957112334
1184.0471680623696
1441.7113561784242
1364.1833018581185
