9873.634635767796
10478.957560562001
10739.904426483141
10640.388984448358
10909.913393832992
10720.617792055371
10541.361169689488
10138.833314325835
10055.698198690043
10475.768568937947
10906.211658025375
10536.78630891394
10746.111285436304
10584.964819845967
10426.615430429994
10904.183991452424
9935.036983455682
10292.211156527159
11472.869234150878
11343.787075920003
10563.87190273902
9703.711904741904
10542.15702018043
10129.93102818495
10440.274857347991
11336.621129949257
10587.29992930475
10577.275986339848
10576.916871282474
10397.792556598353
