663.3692918340626
860.1861334897661
803.8016461548261
750.6523047602298
763.3218779165235
633.4747951864309
715.8832150229861
593.5479174998513
753.9128611993073
696.173558633943
609.6791763247295
743.4283574493153
636.6588630240233
730.5308814158408
690.9041553450298
812.2088199840633
762.4100032638748
779.0661852581721
626.4812707502429
653.9504751180526
755.0998994109657
658.3198947538873
638.292132632329
758.6105010127419
535.495663577441
702.6034354070621
706.9268572423763
755.7920715905018
714.9479047120343
757.7492285478758
