2785.1684403880154
2789.478234634289
2520.850099328892
2642.3417642160825
2728.2512624102606
2909.1168057477576
2786.7168708410327
2869.070164135459
2855.4356266031887
2791.312406101491
2683.4399517716142
2534.7978695720326
2729.606058400543
2318.3246052646095
2832.653873421713
2860.5344194544095
2771.1470814106833
2719.9129000513194
2683.493132931497
3264.7893227226145
2927.943219502729
2653.336792752003
2542.592263166667
2903.5721042236614
2885.3789811603583
2613.3558349426285
3224.085806641426
2700.392289065332
2906.3389043342927
2692.2295325643613
