8906.271750011509
8976.847306499054
8489.388182791465
8655.72313364004
8596.063928960064
9176.296081505774
8667.685204974274
8534.546123029544
8910.421289080969
9268.315946059372
9175.536192783416
8398.677531147598
8949.310123309779
8535.908178733169
8732.569978763577
8920.075690524924
8399.829495546224
9016.233262091067
8488.038491046529
9054.223371101265
8814.941779463794
8493.09134443946
9047.047167251729
8780.108138973166
8627.203042421786
8434.402615525118
8161.785318840651
8935.202956614947
8417.493558197893
8804.687857992058
