6798.583849893086
7242.203155060862
6936.34450332819
6824.896865873451
6848.868038937891
6493.806548463813
6947.223471286231
7446.014396097492
7083.881232121885
7178.7540417812925
6850.213039210643
7136.910353037015
6783.992013421301
6990.519676243239
6846.892658124822
7032.269695037048
6861.990830248816
7284.999405540845
6741.263758270681
7449.199240749805
6783.0900299614195
7340.510989432305
6359.749605163393
7537.227784916772
6944.9237941463225
7017.7941230848855
7021.1953037637095
6748.305885580089
7207.548198076498
7040.010322335995
