3429.7898465211624
3944.6926957551304
3243.9317014779544
3641.5098098379535
3562.3484470779626
3293.609637053606
3925.236703569859
3819.713799530774
3461.044229523754
3142.947442754807
3436.274742230323
3745.6439219309195
3225.2924564680293
3494.1495425876324
3350.1268871698753
3403.628165579636
3550.277440344684
3432.8659664666734
3512.5181740206053
3179.0760572057143
3250.702484086787
3482.703245529852
3555.5677494548563
3342.228649338888
3294.5400158144353
3198.9744602505625
3501.538753447405
3461.9085454741744
3556.78146170923
3662.44923535265
